0 1 2
0 1 3
0 1 4
0 1 5
0 1 6
0 1 8
0 1 9
0 1 10
0 1 11
0 1 12
0 1 13
0 1 14
0 1 15
0 1 16
0 1 17
0 1 19
0 2 3
0 2 4
0 2 5
0 2 6
0 2 10
0 2 11
0 2 19
0 3 4
0 3 5
0 3 6
0 3 8
0 3 9
0 3 10
0 3 11
0 3 12
0 3 13
0 3 14
0 3 15
0 3 16
0 3 17
0 3 18
0 3 19
0 4 5
0 4 7
0 4 8
0 4 9
0 4 10
0 4 11
0 4 12
0 4 13
0 4 14
0 4 15
0 4 16
0 4 17
0 4 18
0 4 19
0 5 6
0 5 7
0 5 8
0 5 9
0 5 10
0 5 11
0 5 12
0 5 13
0 5 14
0 5 15
0 5 16
0 5 17
0 5 18
0 5 19
0 6 7
0 6 8
0 6 9
0 6 10
0 6 11
0 6 12
0 10 19
0 11 19
0 12 17
0 14 16
0 18 19
1 2 3
1 2 4
1 2 5
1 2 7
1 2 11
1 2 12
1 2 15
1 2 19
1 3 4
1 3 6
1 3 7
1 3 8
1 3 9
1 3 10
1 3 11
1 3 12
1 3 13
1 3 14
1 3 15
1 3 16
1 3 17
1 3 18
1 3 19
1 4 7
1 4 9
1 4 11
1 4 12
1 4 13
1 4 15
1 4 16
1 4 17
1 4 19
1 5 6
1 5 8
1 5 9
1 5 10
1 5 11
1 5 12
1 5 13
1 6 15
1 6 19
1 8 9
1 8 10
1 8 11
1 8 13
1 8 16
1 8 17
1 8 18
1 8 19
1 9 10
1 9 11
1 9 12
1 9 13
1 9 14
1 9 18
1 10 14
1 13 16
1 15 16
1 15 17
1 15 18
1 18 19
2 3 6
2 3 7
2 3 8
2 3 9
2 3 10
2 3 11
2 3 12
2 3 13
2 3 14
2 3 15
2 3 16
2 3 17
2 4 7
2 4 10
2 4 11
2 4 13
2 4 14
2 4 15
2 4 16
2 4 17
2 4 18
2 4 19
2 5 7
2 5 9
2 5 13
2 5 14
2 5 15
2 5 16
2 5 17
2 6 7
2 6 9
2 6 11
2 6 12
2 6 13
2 6 14
2 6 15
2 6 16
2 6 17
2 6 18
2 6 19
2 7 9
2 7 10
2 7 11
2 7 12
2 7 13
2 7 14
2 7 15
2 7 16
2 7 17
2 7 18
2 7 19
2 8 9
2 8 10
2 10 17
2 12 14
2 12 19
2 13 14
2 14 17
2 15 17
2 15 19
2 17 19
3 6 16
3 6 17
3 6 18
3 10 13
3 10 14
3 10 17
3 10 18
3 10 19
3 11 14
3 11 15
3 11 16
3 12 13
3 12 14
3 13 14
3 13 17
3 13 18
3 13 19
3 14 16
3 14 17
3 14 18
3 14 19
3 15 16
3 15 17
3 15 18
3 15 19
3 16 17
3 16 18
3 16 19
3 17 18
3 17 19
3 18 19
4 7 9
4 7 10
4 7 11
4 7 12
4 7 13
4 7 14
4 7 16
4 7 18
4 9 14
4 9 16
4 9 18
4 9 19
4 10 11
4 10 14
4 10 16
4 10 17
4 10 19
4 11 19
4 12 13
4 12 14
4 12 15
4 12 16
4 12 17
4 12 18
4 12 19
4 13 14
4 13 15
4 13 16
4 13 17
4 13 18
4 13 19
4 14 16
4 14 18
4 14 19
4 15 16
4 15 18
4 15 19
4 16 17
5 6 11
5 6 12
5 6 13
5 6 14
5 6 15
5 6 16
5 6 17
5 6 18
5 7 8
5 7 9
5 7 12
5 7 13
5 7 15
5 7 16
5 7 18
5 7 19
5 8 9
5 8 10
5 8 11
5 9 10
5 9 11
5 9 12
5 9 13
5 9 14
5 9 15
5 9 16
5 9 18
5 10 13
5 10 14
5 10 16
5 10 17
5 10 19
5 11 13
5 11 19
5 12 13
5 12 14
5 12 15
5 13 14
5 14 15
5 14 16
5 14 17
5 14 19
5 18 19
6 7 12
6 7 13
6 7 14
6 7 15
6 7 19
6 8 9
6 8 13
6 8 14
6 8 15
6 9 10
6 9 12
6 9 13
6 9 14
6 9 15
6 9 16
6 10 15
6 10 16
6 10 19
6 11 12
6 11 15
6 11 16
6 11 17
6 11 18
6 11 19
6 12 14
6 12 17
6 12 19
6 13 14
6 13 16
6 14 15
6 14 16
6 14 17
6 15 16
6 15 17
6 15 18
6 15 19
6 16 17
6 17 18
6 17 19
7 8 9
7 8 10
7 8 12
7 8 13
7 8 14
7 8 16
7 8 17
7 9 14
7 9 17
7 9 18
7 10 13
7 10 14
7 10 15
7 10 16
7 10 17
7 10 18
7 10 19
7 11 12
7 11 15
7 11 18
7 12 15
7 12 18
7 13 17
7 13 18
7 13 19
7 14 18
7 14 19
7 15 16
7 15 17
7 15 18
7 15 19
7 16 17
7 16 18
7 17 18
7 18 19
8 9 14
8 9 15
8 9 16
8 9 18
8 10 11
8 10 12
8 10 13
8 10 15
8 10 16
8 10 17
8 10 18
8 10 19
8 11 12
8 11 13
8 11 15
8 11 16
8 11 17
8 11 18
8 11 19
8 12 13
8 12 15
8 12 16
8 12 17
8 12 18
8 12 19
8 13 15
8 13 16
8 13 17
8 13 18
8 13 19
8 14 16
8 14 17
8 14 18
8 14 19
8 15 16
8 15 17
8 15 18
8 15 19
8 16 17
8 16 18
8 16 19
8 17 18
8 17 19
8 18 19
9 10 11
9 10 15
9 10 16
9 10 18
9 11 12
9 11 13
9 11 14
9 11 15
9 11 16
9 11 17
9 11 18
9 11 19
9 12 13
9 12 16
9 12 18
9 13 14
9 13 16
9 13 18
9 13 19
9 14 18
9 15 16
9 15 18
9 15 19
9 16 18
9 16 19
9 17 19
9 18 19
10 11 12
10 11 13
10 11 14
10 11 15
10 11 16
10 11 17
10 11 18
10 11 19
10 12 16
10 12 17
10 12 19
10 13 15
10 13 16
10 14 17
10 14 18
10 14 19
10 15 18
10 17 18
11 12 14
11 12 17
11 13 14
11 13 15
11 13 16
11 13 17
11 13 18
11 13 19
11 14 17
11 14 18
11 16 18
11 16 19
11 17 18
11 17 19
11 18 19
12 13 14
12 13 15
12 13 16
12 13 17
12 13 18
12 13 19
12 14 15
12 14 16
12 14 17
12 14 18
12 14 19
12 15 16
12 15 17
12 15 18
12 15 19
12 16 17
12 17 18
13 15 17
14 16 17
15 17 18
15 17 19
16 17 18
16 18 19
