0 1
0 4
0 5
0 6
0 7
0 8
0 16
0 17
1 5
1 8
1 10
1 11
1 12
1 16
1 21
2 8
2 9
2 10
2 11
2 16
2 17
2 18
2 20
3 5
3 8
3 9
3 10
3 11
3 12
3 27
3 31
4 5
4 6
4 8
4 9
4 10
4 11
4 12
5 8
5 22
5 24
5 25
6 16
6 18
6 22
6 23
6 24
6 25
7 14
7 18
7 22
7 23
7 24
7 25
7 28
8 27
8 28
9 11
9 25
9 27
9 28
9 29
10 14
10 27
10 30
10 31
11 22
11 28
11 29
12 20
12 21
12 23
12 24
12 25
13 15
13 16
13 17
13 20
13 22
13 23
13 24
13 28
14 15
14 23
14 26
14 27
14 29
14 31
15 26
15 27
15 28
15 29
15 30
15 31
16 27
16 29
16 31
17 18
17 20
17 26
17 30
17 31
18 20
18 21
18 26
18 27
19 20
19 22
19 23
19 24
19 28
19 29
19 30
19 31
20 21
20 23
21 25
21 26
21 29
21 31
22 25
22 26
23 26
24 26
24 30
25 30
28 30
29 30
