0 1
0 2
0 4
0 6
0 7
0 11
0 12
0 13
0 14
0 15
0 16
0 17
0 22
0 23
0 24
0 25
0 27
1 3
1 4
1 5
1 6
1 7
1 8
1 10
1 13
1 14
1 15
1 20
1 22
1 25
1 26
1 28
1 29
2 3
2 8
2 9
2 10
2 11
2 12
2 13
2 16
2 19
2 20
2 22
2 23
2 24
2 25
2 26
2 27
2 29
3 5
3 6
3 7
3 9
3 10
3 11
3 13
3 15
3 18
3 20
3 21
3 22
3 24
3 25
3 26
3 29
4 7
4 8
4 9
4 10
4 11
4 12
4 13
4 14
4 15
4 16
4 21
4 22
4 25
4 26
4 29
5 6
5 7
5 10
5 12
5 13
5 14
5 15
5 18
5 21
5 22
5 24
5 25
5 26
5 28
5 29
6 7
6 8
6 9
6 10
6 11
6 12
6 14
6 15
6 21
6 24
6 25
6 26
6 29
7 8
7 9
7 10
7 11
7 16
7 17
7 20
7 23
7 25
7 27
7 28
8 11
8 12
8 13
8 14
8 15
8 16
8 17
8 19
8 22
8 23
8 24
8 27
9 10
9 11
9 12
9 13
9 14
9 16
9 17
9 18
9 22
9 26
9 28
9 29
10 13
10 14
10 15
10 16
10 17
10 19
10 21
10 22
10 24
11 12
11 15
11 17
11 19
11 23
11 24
11 25
11 27
11 29
12 14
12 15
12 18
12 19
12 21
12 23
12 25
12 27
12 29
13 18
13 20
13 21
13 22
13 25
13 26
13 28
13 29
14 17
14 18
14 19
14 21
14 23
14 24
14 26
14 27
15 20
15 23
15 24
15 25
15 26
15 28
15 29
16 17
16 18
16 19
16 20
16 21
16 23
16 24
16 26
16 27
16 29
17 18
17 19
17 20
17 21
17 23
17 24
17 26
17 27
17 29
18 19
18 20
18 21
18 22
18 23
18 24
18 27
18 28
18 29
19 20
19 21
19 23
19 24
19 25
19 26
19 27
19 28
20 22
20 23
20 24
20 25
20 27
20 28
20 29
21 22
21 23
21 26
21 27
21 28
22 25
22 26
22 28
22 29
23 24
23 27
23 28
24 28
25 27
25 28
26 27
26 28
27 28
28 29
