0 1
0 2
0 3
0 5
0 6
0 7
0 8
0 9
0 10
0 16
0 17
0 18
1 2
1 4
1 6
1 7
1 8
1 9
1 11
1 14
1 15
1 16
1 17
1 18
2 3
2 4
2 5
2 6
2 7
2 8
2 9
2 16
2 17
2 18
3 4
3 5
3 6
3 8
3 9
3 13
3 14
3 16
3 17
3 19
4 5
4 8
4 9
4 11
4 12
4 13
4 15
4 16
4 19
5 7
5 8
5 9
5 10
5 11
5 13
5 14
5 15
5 18
6 7
6 10
6 11
6 12
6 14
6 15
6 17
6 18
6 19
7 10
7 11
7 12
7 13
7 15
7 17
7 18
7 19
8 10
8 12
8 13
8 14
8 17
8 18
8 19
9 10
9 12
9 13
9 15
9 16
9 17
9 18
10 11
10 12
10 13
10 14
10 16
10 18
10 19
11 12
11 13
11 14
11 15
11 16
11 18
11 19
12 13
12 14
12 15
12 16
12 18
12 19
13 15
13 17
13 18
13 19
14 15
14 16
14 17
14 18
14 19
15 16
15 17
15 19
16 17
16 19
17 19
