0 1
0 2
0 3
0 5
0 7
0 9
0 11
0 12
0 14
0 18
0 19
0 20
1 2
1 3
1 5
1 6
1 7
1 8
1 10
1 11
1 18
1 19
2 3
2 4
2 5
2 7
2 8
2 9
2 11
2 18
2 19
3 4
3 5
3 6
3 7
3 8
3 9
3 11
3 18
4 5
4 6
4 7
4 8
4 9
4 11
4 18
4 19
4 20
5 6
5 8
5 13
5 16
5 17
5 18
6 7
6 15
6 16
6 17
6 18
6 20
6 21
7 14
7 15
7 17
7 20
7 21
8 12
8 13
8 14
8 15
8 16
8 17
9 11
9 12
9 13
9 14
9 15
9 16
9 18
9 20
10 11
10 12
10 13
10 14
10 15
10 16
10 17
10 18
10 19
10 20
10 21
11 14
11 16
11 17
11 19
11 21
12 13
12 14
12 15
12 16
12 18
12 19
12 20
12 21
13 15
13 16
13 17
13 18
13 19
13 20
13 21
14 16
14 17
14 19
14 20
14 21
15 16
15 17
15 19
15 20
15 21
16 17
16 21
17 19
17 20
18 21
19 21
20 21
