0 1
0 3
0 4
0 7
0 8
0 10
0 11
0 16
0 19
0 23
1 4
1 7
1 8
1 11
1 12
1 14
1 20
1 21
1 22
2 3
2 4
2 6
2 7
2 8
2 9
2 10
2 11
2 20
2 21
3 5
3 6
3 7
3 8
3 9
3 17
3 20
3 23
4 6
4 7
4 9
4 10
4 18
4 22
4 23
5 8
5 9
5 10
5 11
5 12
5 19
5 20
5 21
5 23
6 7
6 8
6 11
6 18
6 19
6 21
6 22
7 8
7 14
7 16
7 18
8 9
8 15
8 17
8 19
9 14
9 15
9 16
9 18
9 21
9 23
10 11
10 13
10 14
10 15
10 19
10 20
10 23
11 13
11 14
11 15
11 18
11 23
12 13
12 14
12 15
12 16
12 19
12 20
12 21
12 22
12 23
13 15
13 16
13 17
13 18
13 19
13 20
13 21
13 22
14 15
14 18
14 19
14 22
14 23
15 16
15 17
15 19
15 20
16 17
16 18
16 20
16 21
16 22
17 18
17 19
17 20
17 21
17 22
17 23
18 21
18 22
19 22
20 22
21 23
