0 1 2 3 4
0 1 4 6 7
0 1 5 20 24
0 2 3 10 11
0 2 7 12 13
0 2 7 17 24
0 2 7 18 23
0 2 7 19 22
0 2 7 20 21
0 2 8 9 15
0 2 8 10 16
0 2 8 11 13
0 2 8 12 14
0 2 8 17 23
0 2 8 18 24
0 2 8 19 21
0 2 8 20 22
0 2 9 18 25
0 2 11 20 25
0 2 12 19 25
0 2 13 22 25
0 2 14 21 25
0 2 16 23 25
0 3 4 9 10
0 3 4 15 16
0 3 4 19 20
0 3 4 23 24
0 3 5 9 15
0 3 5 11 13
0 3 5 12 14
0 3 5 17 23
0 3 5 18 24
0 3 5 19 21
0 3 6 9 16
0 3 6 11 14
0 3 6 12 13
0 3 6 17 24
0 3 6 18 23
0 3 6 19 22
0 3 6 20 21
0 3 7 9 13
0 3 7 11 15
0 3 7 12 16
0 3 7 17 21
0 3 7 18 22
0 3 7 19 23
0 3 7 20 24
0 3 8 9 14
0 3 8 10 13
0 3 8 11 16
0 3 8 12 15
0 3 8 17 22
0 3 8 18 21
0 3 8 19 24
0 3 8 20 23
0 3 9 19 25
0 3 10 20 25
0 3 11 17 25
0 3 12 18 25
0 3 13 23 25
0 3 14 24 25
0 3 15 21 25
0 4 6 17 23
0 4 6 18 24
0 4 6 19 21
0 4 7 9 14
0 4 7 19 24
0 5 6 9 10
0 5 6 11 12
0 5 6 13 14
0 5 6 15 16
0 5 6 17 18
0 5 6 19 20
0 5 6 21 22
0 5 6 23 24
0 6 7 21 24
0 6 13 18 25
0 7 8 23 24
0 11 14 20 21
0 11 15 17 21
0 11 15 19 23
0 11 16 17 22
0 11 16 18 21
0 11 16 19 24
0 11 16 20 23
0 12 13 17 24
0 12 13 18 23
0 12 13 19 22
0 13 15 18 20
0 13 15 21 23
0 13 15 22 24
0 13 16 17 20
0 14 16 17 19
0 14 16 18 20
0 17 19 22 24
0 17 20 22 23
0 18 19 21 24
0 21 22 23 24
1 2 3 6 10
1 2 3 7 11
1 2 3 8 12
1 2 3 13 17
1 2 3 14 18
1 2 3 16 20
1 2 3 21 25
1 2 4 14 17
1 2 5 7 13
1 2 5 8 14
1 2 5 11 17
1 2 5 12 18
1 2 5 15 21
1 2 5 16 22
1 2 5 19 25
1 2 6 7 14
1 2 6 8 13
1 2 6 11 18
1 2 6 12 17
1 2 6 15 22
1 2 6 16 21
1 2 6 20 25
1 2 7 9 17
1 2 7 16 24
1 2 8 10 17
1 2 8 15 24
1 2 8 16 23
1 2 9 11 13
1 2 9 12 14
1 2 9 15 25
1 2 9 19 21
1 2 9 20 22
1 2 10 16 25
1 2 10 19 22
1 2 10 20 21
1 2 11 19 23
1 2 11 20 24
1 2 12 19 24
1 2 12 20 23
1 2 13 21 23
1 2 13 22 24
1 2 14 21 24
1 2 14 22 23
1 3 5 6 13
1 3 6 16 24
1 3 9 14 25
1 5 6 11 21
1 5 6 12 22
1 5 6 15 17
1 5 9 12 25
1 5 9 14 15
1 6 7 10 22
1 6 9 11 25
1 6 9 13 15
1 6 9 18 20
1 6 9 21 23
1 6 10 14 15
1 6 10 18 19
1 6 12 13 14
1 6 12 19 20
1 6 13 18 24
1 6 13 19 21
1 6 14 16 25
1 6 14 18 23
1 6 14 20 21
1 6 15 19 23
1 6 15 20 24
1 6 17 19 25
1 6 22 24 25
1 7 8 9 23
1 7 8 10 24
1 7 8 15 17
1 7 8 16 18
1 7 9 10 25
1 7 9 11 12
1 7 9 13 14
1 7 9 19 20
1 7 9 21 22
1 7 11 14 15
1 7 11 18 19
1 7 12 13 15
1 7 12 18 20
1 7 13 18 21
1 7 13 19 24
1 7 14 18 22
1 7 14 20 24
1 7 15 16 25
1 7 15 19 22
1 7 15 20 21
1 7 17 18 25
1 7 23 24 25
1 8 10 11 12
1 9 10 15 17
1 10 14 20 25
1 12 14 18 25
1 14 15 21 25
2 3 4 6 11
2 4 8 12 18
2 4 8 16 22
2 4 9 10 13
2 4 11 17 24
2 4 11 19 22
2 4 12 17 23
2 4 12 19 21
2 4 13 21 22
2 4 15 21 24
2 4 18 21 25
2 4 20 23 25
2 5 6 12 21
2 5 9 10 12
2 5 10 14 15
2 5 14 17 24
2 6 13 16 25
2 6 13 20 21
2 7 10 13 14
2 7 10 19 20
2 7 10 21 22
2 7 11 13 15
2 7 11 17 19
2 7 12 14 15
2 7 12 17 20
2 7 12 21 24
2 7 13 17 21
2 9 10 16 17
2 10 11 22 25
2 11 17 18 22
2 12 18 19 23
2 13 14 24 25
2 14 17 18 19
2 16 20 22 24
2 21 22 24 25
3 4 6 8 13
3 4 7 15 23
3 4 9 17 23
3 4 10 12 13
3 4 10 17 24
3 4 10 18 23
3 4 11 17 21
3 4 12 18 21
3 5 7 8 9
3 5 8 16 18
3 6 8 9 24
3 7 9 17 20
3 7 10 13 15
3 8 10 14 15
3 8 14 16 25
3 8 14 18 23
3 10 17 19 23
3 11 12 16 20
3 11 12 21 25
3 11 13 16 21
3 11 13 20 25
3 11 14 16 22
3 11 15 16 23
3 11 15 18 25
3 13 14 16 20
3 13 14 21 25
3 13 15 16 17
3 13 17 19 20
3 13 19 21 24
3 13 19 22 23
3 14 15 16 18
3 14 15 23 25
3 14 18 19 20
3 14 19 21 23
3 14 19 22 24
3 15 17 18 19
3 15 19 21 22
3 15 19 23 24
3 16 17 18 20
3 16 17 21 23
3 16 18 21 24
3 16 18 22 23
3 16 20 23 24
3 17 18 21 25
3 17 20 23 25
3 18 20 24 25
3 21 23 24 25
4 5 7 9 23
4 5 7 14 20
4 5 7 16 18
4 5 8 9 24
4 5 8 13 20
4 5 8 16 17
4 5 10 13 14
4 5 10 17 18
4 5 11 13 15
4 5 11 17 19
4 5 12 14 15
4 5 12 18 19
4 5 12 22 23
4 5 14 17 22
4 5 14 19 24
4 6 12 13 15
4 6 12 17 19
4 6 15 16 25
4 7 14 19 22
4 8 9 18 19
4 8 9 22 23
4 8 10 13 15
4 8 10 17 19
4 8 11 17 18
4 8 13 16 25
4 8 13 18 23
4 8 15 17 22
4 8 15 18 21
4 8 17 20 25
4 9 10 16 19
4 9 13 16 24
4 9 14 16 23
4 9 19 20 22
4 10 11 13 20
4 10 11 16 17
4 10 11 24 25
4 10 12 16 18
4 10 12 23 25
4 10 13 16 23
4 10 15 16 21
4 10 17 20 23
4 10 18 20 24
4 10 19 20 21
4 11 12 22 25
4 11 13 16 22
4 11 17 20 22
4 12 14 19 25
4 12 15 16 23
4 12 15 18 25
4 12 17 20 21
4 12 18 20 22
4 13 14 15 20
4 13 14 16 19
4 13 14 22 25
4 13 15 16 18
4 13 18 19 20
4 13 20 21 24
4 13 20 22 23
4 14 15 24 25
4 15 20 23 24
4 16 17 21 24
4 16 17 22 23
4 16 18 21 23
4 16 18 22 24
4 16 19 23 24
4 17 18 22 25
5 6 7 14 22
5 6 9 15 25
5 6 10 11 14
5 6 14 18 19
5 7 8 14 24
5 7 8 19 25
5 7 13 17 18
5 7 20 23 25
5 8 9 18 22
5 8 11 12 14
5 8 11 17 23
5 8 11 20 22
5 8 12 16 25
5 8 12 18 23
5 8 12 19 22
5 8 14 17 18
5 9 10 16 22
5 10 11 13 21
5 10 11 16 24
5 10 12 14 21
5 10 12 16 23
5 10 14 16 17
5 10 14 24 25
5 10 17 21 23
5 10 18 21 24
5 10 20 21 22
5 11 12 15 21
5 11 12 16 22
5 11 12 19 25
5 11 14 16 20
5 11 15 24 25
5 11 20 21 23
5 12 14 22 25
5 12 18 21 22
5 12 19 21 23
5 13 14 15 21
5 13 15 16 23
5 14 17 19 21
5 14 18 20 21
5 14 21 22 24
5 15 17 18 21
5 15 19 20 21
5 15 21 23 24
5 16 17 20 24
5 16 22 23 24
5 17 18 19 25
5 17 22 23 25
5 18 22 24 25
5 19 23 24 25
6 7 9 10 14
6 7 10 12 15
6 7 11 12 14
6 7 14 17 18
6 7 15 18 20
6 7 18 22 25
6 8 9 10 13
6 8 9 12 15
6 8 9 18 21
6 8 9 20 23
6 8 10 17 21
6 8 10 19 23
6 8 11 18 23
6 8 13 17 18
6 8 15 17 20
6 8 15 18 19
6 9 10 15 22
6 9 14 16 17
6 9 18 22 23
6 10 17 22 23
6 10 19 21 22
6 11 20 22 23
6 12 14 21 25
6 12 15 16 17
6 12 20 22 24
6 13 15 16 24
6 13 17 20 22
6 13 18 19 22
6 15 17 18 22
6 15 19 20 22
6 15 22 23 24
6 16 17 19 24
6 16 17 20 23
6 16 18 19 23
7 8 10 11 14
7 8 10 16 25
7 8 10 19 22
7 9 10 15 23
7 9 10 16 24
7 9 11 16 21
7 9 12 16 22
7 9 13 16 19
7 10 11 13 23
7 10 11 16 22
7 10 11 19 25
7 10 12 14 23
7 10 12 16 21
7 10 12 20 25
7 10 13 21 25
7 10 14 22 25
7 11 12 17 25
7 11 13 24 25
7 11 15 22 25
7 11 19 23 24
7 12 14 16 17
7 12 14 24 25
7 12 15 16 20
7 12 15 21 25
7 17 19 20 25
8 9 10 15 24
8 9 10 16 23
8 9 11 14 24
8 9 11 16 22
8 9 12 13 24
8 9 12 16 21
8 9 13 16 20
8 9 14 16 19
8 9 15 16 18
8 9 18 23 24
8 9 19 22 24
8 10 11 13 24
8 10 11 20 25
8 10 12 14 24
8 10 12 16 22
8 10 12 19 25
8 10 13 16 19
8 10 13 22 25
8 10 14 16 20
8 13 17 20 24
8 13 18 19 24
8 13 22 23 24
8 14 15 16 21
8 14 17 19 24
8 16 18 19 21
8 19 21 23 25
9 10 11 13 25
9 10 12 17 22
9 10 20 22 25
9 11 12 15 25
9 11 12 17 23
9 11 12 18 24
9 11 12 19 21
9 11 12 20 22
9 11 13 19 20
9 11 13 21 22
9 11 15 17 20
9 11 15 18 19
9 11 15 21 24
9 11 15 22 23
9 11 17 22 25
9 11 18 21 25
9 11 19 24 25
9 11 20 23 25
9 12 14 17 18
9 12 14 19 20
9 12 20 24 25
9 13 14 15 25
9 13 14 18 24
9 13 15 18 21
9 17 21 22 23
9 19 21 23 24
10 11 15 18 20
10 12 15 17 20
10 12 15 21 24
10 13 14 19 22
10 14 15 20 23
11 18 19 20 22
12 14 15 20 21
12 20 21 22 23
13 18 20 23 24
15 16 17 23 25
