0 1 2 3 4
0 1 2 3 13
0 1 2 3 16
0 1 2 3 21
0 1 2 11 13
0 1 2 11 21
0 1 2 17 18
0 1 3 5 12
0 1 3 5 13
0 1 3 6 25
0 1 3 10 24
0 1 3 11 18
0 1 3 11 20
0 1 3 11 23
0 1 3 13 19
0 1 3 14 20
0 1 3 14 25
0 1 3 15 21
0 1 3 15 22
0 1 3 15 25
0 1 3 20 25
0 1 4 9 22
0 1 4 11 22
0 1 4 13 19
0 1 4 14 21
0 1 5 10 25
0 1 5 11 25
0 1 5 12 15
0 1 5 12 21
0 1 5 13 14
0 1 6 9 15
0 1 6 9 25
0 1 6 12 17
0 1 6 14 24
0 1 7 8 10
0 1 7 8 11
0 1 7 8 12
0 1 7 8 13
0 1 7 8 15
0 1 7 8 19
0 1 7 8 20
0 1 7 8 25
0 1 7 9 10
0 1 7 9 11
0 1 7 9 14
0 1 7 9 15
0 1 7 9 19
0 1 7 9 20
0 1 7 9 25
0 1 7 10 11
0 1 7 10 16
0 1 7 10 19
0 1 7 10 24
0 1 7 11 14
0 1 7 11 16
0 1 7 11 18
0 1 7 11 19
0 1 7 11 24
0 1 7 12 14
0 1 7 12 16
0 1 7 12 20
0 1 7 12 23
0 1 7 13 14
0 1 7 13 17
0 1 7 13 18
0 1 7 13 19
0 1 7 13 20
0 1 7 13 21
0 1 7 13 24
0 1 7 13 25
0 1 7 14 16
0 1 7 14 17
0 1 7 14 18
0 1 7 14 22
0 1 7 14 23
0 1 7 14 24
0 1 7 15 17
0 1 7 15 21
0 1 7 15 22
0 1 7 15 24
0 1 7 15 25
0 1 7 16 17
0 1 7 16 21
0 1 7 16 23
0 1 7 16 25
0 1 7 17 20
0 1 7 17 22
0 1 7 17 24
0 1 7 17 25
0 1 7 18 20
0 1 7 18 22
0 1 7 18 23
0 1 7 18 25
0 1 7 19 21
0 1 7 19 24
0 1 7 20 25
0 1 7 22 24
0 1 8 9 11
0 1 8 9 13
0 1 8 9 15
0 1 8 9 17
0 1 8 9 19
0 1 8 9 24
0 1 8 10 11
0 1 8 10 13
0 1 8 10 14
0 1 8 10 18
0 1 8 10 25
0 1 8 11 13
0 1 8 11 18
0 1 8 11 22
0 1 8 12 13
0 1 8 12 21
0 1 8 12 23
0 1 8 12 24
0 1 8 13 15
0 1 8 13 17
0 1 8 13 19
0 1 8 13 22
0 1 8 14 16
0 1 8 14 18
0 1 8 14 22
0 1 8 15 16
0 1 8 15 20
0 1 8 15 21
0 1 8 15 22
0 1 8 16 18
0 1 8 16 19
0 1 8 16 25
0 1 8 17 19
0 1 8 17 21
0 1 8 17 22
0 1 8 18 19
0 1 8 18 21
0 1 8 18 22
0 1 8 18 25
0 1 8 19 21
0 1 8 19 23
0 1 8 19 24
0 1 8 20 21
0 1 8 21 22
0 1 8 23 24
0 1 8 23 25
0 1 9 10 11
0 1 9 10 12
0 1 9 10 13
0 1 9 10 14
0 1 9 10 15
0 1 9 10 17
0 1 9 10 20
0 1 9 10 21
0 1 9 10 22
0 1 9 11 13
0 1 9 11 17
0 1 9 11 18
0 1 9 11 19
0 1 9 11 20
0 1 9 11 21
0 1 9 11 23
0 1 9 11 25
0 1 9 12 20
0 1 9 12 22
0 1 9 12 23
0 1 9 13 18
0 1 9 13 21
0 1 9 14 18
0 1 9 14 20
0 1 9 14 21
0 1 9 14 23
0 1 9 14 25
0 1 9 15 16
0 1 9 15 17
0 1 9 15 21
0 1 9 15 22
0 1 9 15 23
0 1 9 15 24
0 1 9 15 25
0 1 9 16 18
0 1 9 16 25
0 1 9 17 25
0 1 9 18 19
0 1 9 18 21
0 1 9 18 23
0 1 9 19 23
0 1 9 19 25
0 1 9 20 22
0 1 9 20 23
0 1 9 21 23
0 1 9 22 23
0 1 9 23 24
0 1 9 23 25
0 1 9 24 25
0 1 10 11 15
0 1 10 11 19
0 1 10 11 21
0 1 10 11 22
0 1 10 11 23
0 1 10 11 25
0 1 10 12 13
0 1 10 12 14
0 1 10 12 18
0 1 10 12 20
0 1 10 12 21
0 1 10 12 22
0 1 10 12 25
0 1 10 13 14
0 1 10 13 15
0 1 10 13 17
0 1 10 13 24
0 1 10 14 15
0 1 10 14 16
0 1 10 14 17
0 1 10 14 21
0 1 10 14 24
0 1 10 15 16
0 1 10 15 17
0 1 10 15 20
0 1 10 15 21
0 1 10 16 18
0 1 10 16 20
0 1 10 16 25
0 1 10 17 19
0 1 10 19 25
0 1 11 12 22
0 1 11 13 22
0 1 11 13 23
0 1 11 14 15
0 1 11 14 24
0 1 11 14 25
0 1 11 15 16
0 1 11 15 17
0 1 11 16 19
0 1 11 16 20
0 1 11 16 21
0 1 11 16 22
0 1 11 17 19
0 1 11 17 20
0 1 11 17 23
0 1 11 17 24
0 1 11 19 24
0 1 11 20 25
0 1 12 14 17
0 1 12 15 18
0 1 12 17 21
0 1 13 15 17
0 1 13 19 25
0 1 13 20 24
0 1 13 20 25
0 1 13 21 22
0 1 13 21 23
0 1 13 21 25
0 1 13 22 23
0 1 13 22 24
0 1 13 22 25
0 1 13 23 25
0 1 14 15 16
0 1 14 15 18
0 1 14 15 19
0 1 14 15 22
0 1 14 15 24
0 1 14 15 25
0 1 14 16 17
0 1 14 16 19
0 1 14 16 20
0 1 14 16 21
0 1 14 16 23
0 1 14 17 18
0 1 14 17 19
0 1 14 17 20
0 1 14 17 21
0 1 14 17 24
0 1 14 18 20
0 1 14 18 21
0 1 14 18 22
0 1 14 18 24
0 1 14 18 25
0 1 14 19 20
0 1 14 19 21
0 1 14 19 22
0 1 14 19 25
0 1 14 20 22
0 1 14 20 23
0 1 14 20 24
0 1 14 20 25
0 1 14 21 22
0 1 14 21 25
0 1 14 22 24
0 1 14 22 25
0 1 15 16 18
0 1 15 16 24
0 1 15 16 25
0 1 15 17 21
0 1 15 17 24
0 1 15 17 25
0 1 15 18 19
0 1 15 18 25
0 1 15 19 21
0 1 15 19 24
0 1 15 19 25
0 1 15 20 23
0 1 15 20 25
0 1 15 21 22
0 1 15 21 24
0 1 15 21 25
0 1 15 23 25
0 1 15 24 25
0 1 16 17 19
0 1 16 17 21
0 1 16 18 21
0 1 16 18 24
0 1 16 18 25
0 1 16 19 20
0 1 16 19 23
0 1 16 19 24
0 1 16 20 24
0 1 16 21 23
0 1 16 21 24
0 1 16 22 23
0 1 16 22 25
0 1 16 24 25
0 1 17 18 21
0 1 17 18 22
0 1 17 18 25
0 1 17 19 20
0 1 17 19 21
0 1 17 19 25
0 1 17 20 21
0 1 17 20 23
0 1 17 21 23
0 1 17 21 25
0 1 17 23 25
0 1 17 24 25
0 1 18 19 21
0 1 18 20 22
0 1 18 21 22
0 1 18 21 24
0 1 18 23 25
0 1 19 20 21
0 1 19 20 23
0 1 19 21 22
0 1 19 21 24
0 1 19 22 23
0 1 19 22 25
0 1 19 23 24
0 1 20 21 24
0 1 20 22 24
0 1 20 22 25
0 1 20 23 24
0 1 20 23 25
0 1 21 22 24
0 1 22 23 24
0 2 3 4 10
0 2 3 4 13
0 2 3 4 15
0 2 3 4 16
0 2 3 4 17
0 2 3 4 20
0 2 3 4 24
0 2 3 4 25
0 2 3 10 16
0 2 3 10 19
0 2 3 10 20
0 2 3 11 22
0 2 3 12 18
0 2 3 13 16
0 2 3 13 18
0 2 3 13 24
0 2 3 15 17
0 2 3 15 18
0 2 3 16 25
0 2 3 17 21
0 2 3 17 23
0 2 3 19 22
0 2 3 20 23
0 2 3 24 25
0 2 7 13 19
0 2 11 12 14
0 2 11 12 25
0 2 11 16 20
0 2 11 17 23
0 2 18 19 21
0 2 18 19 25
0 3 4 5 12
0 3 4 5 17
0 3 4 5 19
0 3 4 5 25
0 3 4 9 22
0 3 4 10 14
0 3 4 10 22
0 3 4 10 25
0 3 4 11 15
0 3 4 11 17
0 3 4 11 22
0 3 4 11 24
0 3 4 11 25
0 3 4 12 15
0 3 4 14 15
0 3 4 14 19
0 3 4 14 23
0 3 4 15 19
0 3 4 19 20
0 3 4 23 25
0 3 5 10 15
0 3 5 10 17
0 3 5 10 25
0 3 5 11 23
0 3 5 12 13
0 3 5 12 23
0 3 5 14 17
0 3 5 19 25
0 3 6 13 14
0 3 6 13 23
0 3 6 15 23
0 3 6 15 24
0 3 6 22 25
0 3 7 11 17
0 3 7 11 21
0 3 7 11 23
0 3 7 12 24
0 3 7 13 17
0 3 7 16 23
0 3 7 17 20
0 3 9 10 23
0 3 9 13 19
0 3 9 14 20
0 3 9 17 21
0 3 9 18 25
0 3 9 20 22
0 3 9 21 22
0 3 10 12 17
0 3 10 12 20
0 3 10 12 24
0 3 10 12 25
0 3 10 17 19
0 3 11 13 22
0 3 11 15 18
0 3 11 16 21
0 3 11 17 24
0 3 11 18 19
0 3 11 19 24
0 3 11 22 24
0 3 12 13 14
0 3 12 13 22
0 3 12 17 24
0 3 12 17 25
0 3 13 17 25
0 3 13 18 23
0 3 13 19 21
0 3 13 19 23
0 3 13 19 24
0 3 13 20 25
0 3 14 15 19
0 3 14 15 25
0 3 14 18 19
0 3 14 18 23
0 3 14 19 20
0 3 14 19 21
0 3 14 20 22
0 3 14 20 25
0 3 14 23 24
0 3 15 17 21
0 3 15 17 25
0 3 15 18 25
0 3 15 20 23
0 3 15 20 24
0 3 15 22 23
0 3 17 20 21
0 3 17 21 22
0 3 17 21 24
0 3 19 21 25
0 3 20 23 24
0 3 20 24 25
0 3 23 24 25
0 4 5 6 25
0 4 5 9 25
0 4 5 10 11
0 4 5 13 15
0 4 5 14 19
0 4 5 14 22
0 4 5 15 19
0 4 5 22 25
0 4 5 23 25
0 4 6 9 25
0 4 6 10 21
0 4 6 11 24
0 4 6 12 23
0 4 6 13 14
0 4 6 14 20
0 4 6 15 23
0 4 6 15 25
0 4 9 13 19
0 4 9 13 22
0 4 9 15 24
0 4 9 17 20
0 4 9 20 25
0 4 10 11 13
0 4 10 11 20
0 4 10 11 24
0 4 10 12 19
0 4 10 13 25
0 4 10 15 25
0 4 10 17 21
0 4 10 19 22
0 4 10 23 25
0 4 11 12 14
0 4 11 13 20
0 4 11 13 21
0 4 11 13 22
0 4 11 13 25
0 4 11 14 17
0 4 11 14 21
0 4 11 15 21
0 4 11 15 23
0 4 11 15 24
0 4 11 17 18
0 4 11 17 20
0 4 11 17 22
0 4 11 18 19
0 4 11 19 22
0 4 11 19 25
0 4 12 13 17
0 4 12 13 20
0 4 12 13 25
0 4 12 14 23
0 4 12 14 25
0 4 12 15 19
0 4 12 15 21
0 4 12 17 21
0 4 12 18 24
0 4 12 19 20
0 4 12 19 21
0 4 12 20 21
0 4 12 22 23
0 4 12 24 25
0 4 13 14 23
0 4 13 15 21
0 4 13 15 24
0 4 13 21 25
0 4 14 15 19
0 4 14 15 25
0 4 14 17 22
0 4 14 17 23
0 4 15 17 23
0 4 15 22 25
0 4 15 24 25
0 4 17 22 24
0 4 18 21 25
0 5 6 9 25
0 5 6 10 12
0 5 6 10 15
0 5 6 10 25
0 5 6 11 24
0 5 6 12 17
0 5 6 14 24
0 5 9 10 15
0 5 9 11 18
0 5 9 12 17
0 5 9 14 15
0 5 9 14 17
0 5 9 17 22
0 5 9 23 25
0 5 10 11 25
0 5 10 12 14
0 5 10 12 23
0 5 10 14 24
0 5 10 14 25
0 5 10 15 24
0 5 10 17 25
0 5 10 19 25
0 5 11 12 25
0 5 11 13 21
0 5 11 14 21
0 5 11 14 22
0 5 11 15 19
0 5 11 15 25
0 5 11 17 21
0 5 11 17 22
0 5 12 13 23
0 5 12 14 19
0 5 12 17 25
0 5 12 19 21
0 5 12 19 22
0 5 12 20 21
0 5 13 14 19
0 5 13 15 22
0 5 13 17 19
0 5 13 22 25
0 5 14 19 21
0 5 15 17 20
0 5 15 24 25
0 5 17 20 25
0 6 9 12 17
0 6 9 12 24
0 6 9 14 17
0 6 9 14 19
0 6 10 11 24
0 6 10 13 20
0 6 10 15 22
0 6 10 15 25
0 6 10 20 25
0 6 10 21 25
0 6 11 12 13
0 6 11 12 19
0 6 11 12 23
0 6 11 13 14
0 6 11 13 18
0 6 11 13 24
0 6 11 15 20
0 6 11 21 23
0 6 11 23 25
0 6 12 14 19
0 6 12 15 19
0 6 12 15 20
0 6 12 17 22
0 6 12 21 22
0 6 13 14 22
0 6 13 15 22
0 6 13 17 21
0 6 13 17 25
0 6 14 17 22
0 6 14 19 24
0 6 14 22 24
0 6 14 23 25
0 6 15 17 23
0 6 15 17 25
0 6 15 21 24
0 6 15 21 25
0 7 11 14 15
0 8 11 12 14
0 8 11 14 17
0 8 11 15 25
0 8 14 15 25
0 9 10 11 17
0 9 10 12 17
0 9 10 14 25
0 9 10 19 24
0 9 10 19 25
0 9 11 12 13
0 9 11 12 15
0 9 11 12 20
0 9 11 13 15
0 9 11 13 19
0 9 11 13 22
0 9 11 13 23
0 9 11 13 25
0 9 11 14 15
0 9 11 14 24
0 9 11 15 17
0 9 11 15 25
0 9 11 18 19
0 9 11 19 24
0 9 11 20 25
0 9 11 23 25
0 9 12 13 15
0 9 12 13 17
0 9 12 13 25
0 9 12 14 21
0 9 12 14 24
0 9 12 15 24
0 9 12 15 25
0 9 12 17 25
0 9 12 21 24
0 9 12 21 25
0 9 12 22 23
0 9 12 22 24
0 9 12 24 25
0 9 13 14 25
0 9 13 15 25
0 9 13 19 22
0 9 13 20 24
0 9 13 23 24
0 9 13 24 25
0 9 14 15 23
0 9 14 17 25
0 9 14 19 20
0 9 14 21 24
0 9 15 17 18
0 9 15 17 20
0 9 15 18 25
0 9 15 19 21
0 9 15 19 25
0 9 15 21 25
0 9 17 21 24
0 10 11 12 14
0 10 11 12 19
0 10 11 12 20
0 10 11 13 23
0 10 11 14 21
0 10 11 18 19
0 10 11 18 25
0 10 11 19 20
0 10 11 21 24
0 10 11 22 25
0 10 12 14 17
0 10 12 15 17
0 10 12 17 18
0 10 12 22 23
0 10 12 23 24
0 10 12 24 25
0 10 13 14 18
0 10 13 21 22
0 10 14 17 19
0 10 14 17 22
0 10 14 18 21
0 10 14 20 23
0 10 15 18 25
0 10 15 20 24
0 10 17 19 22
0 10 17 21 24
0 10 17 21 25
0 10 19 22 25
0 10 19 23 25
0 10 20 21 25
0 10 20 22 25
0 11 12 13 24
0 11 12 15 20
0 11 13 14 18
0 11 13 14 22
0 11 13 14 24
0 11 13 21 22
0 11 13 23 25
0 11 13 24 25
0 11 14 15 17
0 11 14 15 21
0 11 14 15 23
0 11 14 18 23
0 11 14 19 25
0 11 14 22 24
0 11 15 19 23
0 11 15 20 23
0 11 17 18 22
0 11 17 19 20
0 11 17 22 23
0 11 17 23 24
0 11 19 20 21
0 11 19 23 24
0 11 20 23 25
0 12 13 15 20
0 12 13 17 20
0 12 13 17 22
0 12 13 18 20
0 12 13 19 20
0 12 13 20 21
0 12 13 20 24
0 12 13 22 24
0 12 14 15 21
0 12 14 17 18
0 12 14 18 20
0 12 14 18 22
0 12 14 19 25
0 12 14 22 23
0 12 15 17 18
0 12 15 17 22
0 12 15 18 21
0 12 15 19 22
0 12 17 24 25
0 12 19 22 25
0 12 20 21 25
0 13 14 21 23
0 13 14 23 25
0 13 15 18 19
0 13 15 19 22
0 13 15 19 25
0 13 15 22 23
0 13 17 20 21
0 13 17 22 23
0 13 20 21 24
0 13 20 22 25
0 14 15 16 25
0 14 15 20 23
0 14 15 21 22
0 14 15 23 24
0 14 15 23 25
0 14 15 24 25
0 14 17 18 24
0 14 17 20 25
0 14 17 21 25
0 14 17 24 25
0 14 19 21 25
0 14 19 23 24
0 15 17 20 22
0 15 17 22 24
0 15 18 21 25
0 15 19 21 22
0 15 20 21 22
0 15 22 24 25
0 20 21 22 25
1 2 3 5 11
1 2 3 5 21
1 2 3 6 14
1 2 3 6 17
1 2 3 7 16
1 2 3 10 11
1 2 3 10 13
1 2 3 10 18
1 2 3 10 19
1 2 3 12 21
1 2 3 13 15
1 2 3 13 20
1 2 3 14 16
1 2 3 14 23
1 2 3 14 25
1 2 3 18 19
1 2 4 5 12
1 2 4 6 18
1 2 4 9 13
1 2 5 6 12
1 2 5 6 15
1 2 5 6 20
1 2 5 6 21
1 2 5 6 24
1 2 5 7 13
1 2 5 7 14
1 2 5 7 19
1 2 5 7 24
1 2 5 7 25
1 2 5 8 9
1 2 5 9 18
1 2 5 9 21
1 2 5 10 17
1 2 5 11 21
1 2 5 13 25
1 2 6 7 15
1 2 6 7 19
1 2 6 7 21
1 2 6 9 10
1 2 6 9 13
1 2 6 9 14
1 2 6 11 18
1 2 6 15 22
1 2 6 18 19
1 2 6 18 20
1 2 6 19 22
1 2 7 11 21
1 2 7 13 23
1 2 7 14 24
1 2 7 18 19
1 2 8 9 11
1 2 9 10 14
1 2 9 10 17
1 2 9 10 21
1 2 9 10 25
1 2 9 11 14
1 2 9 11 17
1 2 9 11 21
1 2 9 11 23
1 2 9 12 14
1 2 9 12 21
1 2 9 12 25
1 2 9 14 20
1 2 9 14 24
1 2 9 15 18
1 2 9 15 20
1 2 9 15 21
1 2 9 20 22
1 2 9 21 24
1 2 9 22 25
1 2 9 24 25
1 2 11 14 17
1 2 11 17 23
1 2 12 13 24
1 2 13 19 23
1 2 21 24 25
1 3 4 5 9
1 3 4 5 12
1 3 4 6 17
1 3 4 8 17
1 3 4 8 23
1 3 4 10 20
1 3 4 15 16
1 3 4 20 22
1 3 4 20 25
1 3 5 6 21
1 3 5 6 22
1 3 5 6 23
1 3 5 7 8
1 3 5 7 13
1 3 5 7 15
1 3 5 7 20
1 3 5 7 21
1 3 5 7 23
1 3 5 7 24
1 3 5 7 25
1 3 5 8 9
1 3 5 8 14
1 3 5 8 24
1 3 5 9 13
1 3 5 9 22
1 3 5 11 24
1 3 5 14 17
1 3 5 18 24
1 3 6 7 19
1 3 6 8 10
1 3 6 8 22
1 3 6 8 23
1 3 6 9 14
1 3 6 17 21
1 3 7 10 13
1 3 7 11 21
1 3 7 11 23
1 3 7 12 23
1 3 7 12 25
1 3 7 17 21
1 3 7 20 25
1 3 8 9 14
1 3 8 9 19
1 3 8 10 17
1 3 8 10 20
1 3 8 10 23
1 3 8 11 13
1 3 8 11 19
1 3 8 12 20
1 3 8 12 25
1 3 8 13 24
1 3 8 15 16
1 3 8 15 21
1 3 8 15 24
1 3 8 17 23
1 3 8 19 20
1 3 8 20 25
1 3 8 21 22
1 3 8 21 24
1 3 8 22 23
1 3 9 13 20
1 3 10 11 23
1 3 10 12 15
1 3 10 12 25
1 3 10 20 24
1 3 11 12 15
1 3 11 13 23
1 3 11 17 25
1 3 11 20 21
1 3 12 13 23
1 3 13 14 23
1 3 13 21 22
1 3 14 17 23
1 3 16 17 21
1 3 18 19 21
1 3 20 23 24
1 3 20 24 25
1 4 5 6 13
1 4 5 6 15
1 4 5 6 16
1 4 5 6 23
1 4 5 7 11
1 4 5 7 16
1 4 5 8 12
1 4 5 8 14
1 4 5 8 17
1 4 5 8 21
1 4 5 9 10
1 4 5 13 17
1 4 5 17 20
1 4 5 19 22
1 4 6 7 14
1 4 6 8 14
1 4 6 8 19
1 4 6 8 21
1 4 6 8 22
1 4 6 9 10
1 4 6 9 11
1 4 6 9 15
1 4 6 18 25
1 4 8 9 20
1 4 8 10 13
1 4 8 10 14
1 4 8 10 17
1 4 8 10 21
1 4 8 11 14
1 4 8 11 17
1 4 8 11 18
1 4 8 11 24
1 4 8 12 15
1 4 8 12 16
1 4 8 12 17
1 4 8 12 18
1 4 8 12 20
1 4 8 12 22
1 4 8 13 17
1 4 8 13 18
1 4 8 13 19
1 4 8 14 24
1 4 8 16 21
1 4 8 17 22
1 4 8 17 23
1 4 8 18 24
1 4 8 19 21
1 4 8 20 24
1 4 8 21 22
1 4 8 23 25
1 4 15 17 25
1 5 6 7 9
1 5 6 7 15
1 5 6 7 16
1 5 6 7 17
1 5 6 7 18
1 5 6 7 21
1 5 6 8 10
1 5 6 8 11
1 5 6 8 13
1 5 6 8 14
1 5 6 8 20
1 5 6 8 22
1 5 6 8 25
1 5 6 9 10
1 5 6 10 22
1 5 6 12 20
1 5 6 13 16
1 5 6 14 24
1 5 6 14 25
1 5 6 15 16
1 5 6 15 19
1 5 6 16 17
1 5 6 16 20
1 5 6 16 25
1 5 6 17 18
1 5 6 17 21
1 5 6 17 23
1 5 6 18 19
1 5 6 18 21
1 5 6 18 23
1 5 6 19 20
1 5 6 19 23
1 5 6 21 22
1 5 6 22 24
1 5 7 8 21
1 5 7 9 14
1 5 7 11 25
1 5 7 12 15
1 5 7 12 16
1 5 7 12 17
1 5 7 12 19
1 5 7 13 15
1 5 7 13 25
1 5 7 14 18
1 5 7 17 19
1 5 7 17 24
1 5 7 18 22
1 5 7 20 22
1 5 7 20 25
1 5 8 10 25
1 5 8 11 20
1 5 8 12 18
1 5 8 13 22
1 5 8 14 19
1 5 8 14 20
1 5 8 15 22
1 5 8 17 25
1 5 8 19 20
1 5 8 19 25
1 5 9 10 21
1 5 9 11 19
1 5 9 12 18
1 5 9 13 15
1 5 9 13 22
1 5 9 13 23
1 5 9 14 15
1 5 9 14 17
1 5 9 17 18
1 5 9 18 21
1 5 9 18 22
1 5 9 18 23
1 5 9 19 20
1 5 9 19 21
1 5 9 23 25
1 5 10 15 20
1 5 10 16 18
1 5 10 16 23
1 5 12 13 16
1 5 12 16 25
1 5 12 22 24
1 5 13 16 20
1 5 13 16 23
1 5 13 18 19
1 5 13 20 24
1 5 14 16 24
1 5 14 16 25
1 5 15 16 23
1 5 15 19 24
1 5 16 17 19
1 5 16 17 23
1 5 16 17 25
1 5 16 18 19
1 5 16 18 21
1 5 16 19 20
1 5 16 19 21
1 5 16 22 23
1 5 18 20 22
1 6 7 8 13
1 6 7 8 16
1 6 7 8 20
1 6 7 8 23
1 6 7 8 25
1 6 7 10 16
1 6 7 11 14
1 6 7 11 20
1 6 7 11 22
1 6 7 11 23
1 6 7 12 15
1 6 7 12 17
1 6 7 13 18
1 6 7 13 20
1 6 7 14 15
1 6 7 14 22
1 6 7 16 18
1 6 7 16 23
1 6 7 17 20
1 6 7 19 20
1 6 7 21 24
1 6 7 22 24
1 6 7 23 24
1 6 8 9 11
1 6 8 9 13
1 6 8 10 17
1 6 8 10 25
1 6 8 12 20
1 6 8 13 17
1 6 8 14 19
1 6 8 14 22
1 6 8 18 20
1 6 8 18 22
1 6 8 18 25
1 6 8 22 23
1 6 9 10 12
1 6 9 10 23
1 6 9 11 19
1 6 9 11 24
1 6 9 14 18
1 6 9 20 24
1 6 9 21 25
1 6 9 22 24
1 6 10 16 20
1 6 12 13 16
1 6 12 15 16
1 6 12 16 17
1 6 13 14 16
1 6 13 16 22
1 6 14 16 18
1 6 14 16 25
1 6 15 18 24
1 6 15 22 23
1 6 15 22 24
1 6 15 22 25
1 6 15 23 25
1 6 15 24 25
1 6 16 17 18
1 6 16 17 19
1 6 16 17 20
1 6 16 17 22
1 6 16 17 23
1 6 16 17 24
1 6 16 18 19
1 6 16 18 20
1 6 16 18 23
1 6 16 18 24
1 6 16 18 25
1 6 16 19 20
1 6 16 19 23
1 6 16 19 24
1 6 16 19 25
1 6 16 20 21
1 6 16 20 22
1 6 16 20 23
1 6 16 21 24
1 6 16 21 25
1 6 16 22 25
1 6 16 23 25
1 6 16 24 25
1 6 17 18 19
1 6 17 18 21
1 6 18 19 25
1 7 9 11 22
1 7 9 11 24
1 7 9 13 15
1 7 9 13 24
1 7 9 14 18
1 7 9 14 22
1 7 11 19 23
1 7 16 20 25
1 8 9 11 13
1 8 12 13 25
1 8 15 17 25
1 9 10 11 25
1 9 10 17 19
1 9 10 18 23
1 9 10 18 24
1 9 10 19 23
1 9 10 19 24
1 9 10 20 23
1 9 11 12 18
1 9 11 15 20
1 9 11 17 19
1 9 11 20 25
1 9 11 21 23
1 9 12 15 18
1 9 12 15 19
1 9 12 17 23
1 9 12 18 20
1 9 12 21 25
1 9 13 17 22
1 9 13 19 21
1 9 13 20 22
1 9 14 15 22
1 9 14 17 23
1 9 14 18 20
1 9 14 20 25
1 9 14 22 24
1 9 15 17 20
1 9 15 17 23
1 9 15 18 20
1 9 15 21 24
1 9 17 19 24
1 9 17 21 24
1 9 18 19 22
1 9 18 19 23
1 9 18 20 21
1 9 18 20 24
1 9 19 21 25
1 9 20 21 23
1 9 20 23 24
1 9 20 23 25
1 9 22 23 24
1 11 19 20 25
2 3 4 7 12
2 3 4 7 17
2 3 4 7 19
2 3 4 7 22
2 3 4 7 25
2 3 4 12 17
2 3 4 13 16
2 3 4 15 21
2 3 4 16 20
2 3 4 16 24
2 3 4 17 23
2 3 4 20 25
2 3 4 21 22
2 3 5 6 7
2 3 5 6 11
2 3 5 6 18
2 3 5 6 23
2 3 7 10 12
2 3 7 10 18
2 3 7 10 23
2 3 7 10 25
2 3 7 11 16
2 3 7 11 17
2 3 7 11 18
2 3 7 11 19
2 3 7 11 20
2 3 7 11 21
2 3 7 11 25
2 3 7 12 14
2 3 7 12 15
2 3 7 12 17
2 3 7 12 21
2 3 7 12 24
2 3 7 13 18
2 3 7 13 22
2 3 7 14 15
2 3 7 14 20
2 3 7 14 21
2 3 7 14 23
2 3 7 14 24
2 3 7 14 25
2 3 7 15 18
2 3 7 15 22
2 3 7 15 24
2 3 7 17 19
2 3 7 18 20
2 3 7 18 23
2 3 7 18 24
2 3 7 20 23
2 3 7 21 22
2 3 7 21 23
2 3 7 21 24
2 3 7 22 24
2 3 7 22 25
2 3 7 23 24
2 3 7 23 25
2 3 9 13 21
2 3 10 11 14
2 3 10 11 15
2 3 10 11 16
2 3 10 11 18
2 3 10 11 20
2 3 10 11 24
2 3 10 12 21
2 3 10 14 18
2 3 10 14 21
2 3 10 15 20
2 3 10 16 18
2 3 10 16 19
2 3 10 18 19
2 3 10 19 24
2 3 10 23 24
2 3 11 12 25
2 3 11 13 20
2 3 11 13 23
2 3 11 13 24
2 3 11 14 21
2 3 11 15 16
2 3 11 15 17
2 3 11 15 24
2 3 11 16 19
2 3 11 16 24
2 3 11 17 21
2 3 11 17 24
2 3 11 18 24
2 3 11 18 25
2 3 11 19 23
2 3 12 13 16
2 3 12 13 17
2 3 12 14 19
2 3 12 14 22
2 3 12 14 25
2 3 12 15 17
2 3 12 15 25
2 3 12 16 19
2 3 12 17 23
2 3 12 18 20
2 3 12 18 22
2 3 12 18 23
2 3 12 20 21
2 3 12 21 25
2 3 12 22 24
2 3 12 23 24
2 3 13 14 15
2 3 13 14 16
2 3 13 14 18
2 3 13 14 20
2 3 13 14 24
2 3 13 15 21
2 3 13 15 23
2 3 13 16 18
2 3 13 17 19
2 3 13 17 20
2 3 13 17 24
2 3 13 17 25
2 3 13 18 22
2 3 13 18 25
2 3 13 19 22
2 3 13 20 22
2 3 13 20 24
2 3 13 20 25
2 3 13 21 23
2 3 14 16 19
2 3 14 16 20
2 3 14 17 19
2 3 14 18 20
2 3 14 20 21
2 3 14 20 23
2 3 14 22 25
2 3 15 16 17
2 3 15 17 19
2 3 15 17 20
2 3 15 18 20
2 3 15 18 24
2 3 15 20 21
2 3 15 20 22
2 3 15 21 23
2 3 16 17 18
2 3 16 17 20
2 3 16 17 21
2 3 16 18 24
2 3 16 20 23
2 3 16 21 23
2 3 16 21 24
2 3 16 21 25
2 3 16 23 25
2 3 17 18 23
2 3 17 19 22
2 3 17 19 24
2 3 17 20 21
2 3 17 21 25
2 3 17 22 23
2 3 18 19 20
2 3 18 19 23
2 3 18 20 21
2 3 18 20 25
2 3 18 24 25
2 3 19 20 24
2 3 19 20 25
2 3 19 22 23
2 3 20 21 24
2 3 21 22 25
2 3 22 23 24
2 3 22 24 25
2 4 5 6 12
2 4 5 6 24
2 4 5 9 14
2 4 5 13 23
2 4 6 9 13
2 4 7 10 11
2 4 7 10 14
2 4 7 10 18
2 4 7 10 20
2 4 7 11 12
2 4 7 11 20
2 4 7 11 22
2 4 7 12 16
2 4 7 12 22
2 4 7 12 23
2 4 7 12 24
2 4 7 13 17
2 4 7 13 20
2 4 7 14 15
2 4 7 14 20
2 4 7 14 25
2 4 7 15 16
2 4 7 15 21
2 4 7 15 23
2 4 7 16 17
2 4 7 16 19
2 4 7 16 23
2 4 7 17 21
2 4 7 18 23
2 4 7 18 24
2 4 7 18 25
2 4 7 19 24
2 4 7 20 23
2 4 7 24 25
2 4 9 14 23
2 4 10 12 20
2 4 10 13 22
2 4 10 17 19
2 4 10 19 23
2 4 10 19 24
2 4 10 20 23
2 4 10 20 24
2 4 10 21 24
2 4 11 13 23
2 4 11 14 24
2 4 11 22 23
2 4 12 13 22
2 4 12 14 17
2 4 12 15 16
2 4 12 16 22
2 4 12 16 24
2 4 12 16 25
2 4 12 18 21
2 4 12 19 22
2 4 12 19 23
2 4 12 19 24
2 4 12 20 21
2 4 12 21 23
2 4 12 21 24
2 4 12 22 23
2 4 13 14 16
2 4 13 14 23
2 4 13 15 18
2 4 13 18 22
2 4 14 15 19
2 4 14 15 22
2 4 14 16 19
2 4 14 16 21
2 4 14 17 23
2 4 14 20 21
2 4 14 21 23
2 4 14 24 25
2 4 15 16 23
2 4 16 17 24
2 4 16 20 21
2 4 16 20 22
2 4 17 19 20
2 4 17 20 21
2 4 17 20 22
2 4 17 20 23
2 4 17 21 25
2 4 17 22 25
2 4 17 23 24
2 4 17 24 25
2 4 18 20 21
2 4 18 20 24
2 4 19 20 23
2 4 19 21 24
2 4 19 22 24
2 4 19 22 25
2 4 20 22 25
2 4 21 22 25
2 4 22 23 24
2 5 6 7 12
2 5 6 7 21
2 5 6 7 23
2 5 6 9 23
2 5 6 10 12
2 5 6 10 18
2 5 6 12 25
2 5 6 14 19
2 5 6 14 20
2 5 6 14 24
2 5 6 19 25
2 5 6 21 24
2 5 6 22 24
2 5 8 9 11
2 5 8 9 14
2 5 9 10 25
2 5 9 11 19
2 5 9 12 14
2 5 9 12 18
2 5 9 12 24
2 5 9 13 19
2 5 9 13 23
2 5 9 19 22
2 5 9 19 24
2 6 8 9 13
2 6 8 9 14
2 6 8 15 22
2 6 8 16 17
2 6 8 16 18
2 6 8 16 19
2 6 8 16 23
2 6 8 16 24
2 6 8 18 20
2 6 8 18 21
2 6 8 18 23
2 6 8 19 21
2 6 8 19 23
2 6 8 20 22
2 6 8 20 23
2 6 8 20 25
2 6 8 21 24
2 6 8 22 25
2 6 8 24 25
2 6 9 10 11
2 6 9 10 14
2 6 9 10 15
2 6 9 10 18
2 6 9 10 19
2 6 9 10 21
2 6 9 10 22
2 6 9 10 25
2 6 9 11 12
2 6 9 11 14
2 6 9 11 16
2 6 9 11 17
2 6 9 11 20
2 6 9 11 21
2 6 9 11 23
2 6 9 11 24
2 6 9 11 25
2 6 9 12 17
2 6 9 12 18
2 6 9 12 19
2 6 9 12 20
2 6 9 12 21
2 6 9 12 23
2 6 9 12 24
2 6 9 13 14
2 6 9 13 15
2 6 9 13 17
2 6 9 13 19
2 6 9 13 24
2 6 9 14 17
2 6 9 14 19
2 6 9 14 20
2 6 9 14 23
2 6 9 14 24
2 6 9 14 25
2 6 9 15 16
2 6 9 15 17
2 6 9 15 18
2 6 9 15 19
2 6 9 15 22
2 6 9 17 21
2 6 9 17 25
2 6 9 18 19
2 6 9 18 21
2 6 9 18 23
2 6 9 18 24
2 6 9 19 21
2 6 9 19 24
2 6 9 20 21
2 6 9 20 22
2 6 9 20 23
2 6 9 20 24
2 6 9 20 25
2 6 9 21 22
2 6 9 21 23
2 6 9 21 24
2 6 9 21 25
2 6 9 22 25
2 6 9 23 24
2 6 9 23 25
2 6 10 11 13
2 6 10 11 14
2 6 10 11 15
2 6 10 11 16
2 6 10 11 19
2 6 13 21 25
2 6 13 22 24
2 6 13 23 25
2 6 13 24 25
2 6 14 15 19
2 6 14 16 20
2 6 14 16 23
2 6 14 17 19
2 6 14 17 25
2 6 14 18 20
2 6 14 18 22
2 6 14 18 25
2 6 14 19 20
2 6 14 19 24
2 6 14 20 21
2 6 14 20 22
2 6 14 20 24
2 6 14 20 25
2 6 14 21 23
2 6 14 21 24
2 6 14 22 24
2 6 14 22 25
2 6 14 23 25
2 6 15 16 19
2 6 15 16 20
2 6 15 16 23
2 6 15 16 24
2 6 15 17 18
2 6 15 17 21
2 6 15 18 19
2 6 15 18 22
2 6 15 19 21
2 6 15 19 23
2 6 15 20 24
2 6 15 20 25
2 6 15 22 23
2 6 15 22 24
2 6 15 23 25
2 6 16 17 18
2 6 16 17 19
2 6 16 17 24
2 6 16 18 20
2 6 16 18 24
2 6 16 18 25
2 6 16 19 20
2 6 16 19 23
2 6 16 23 24
2 6 16 23 25
2 6 16 24 25
2 6 17 18 23
2 6 17 19 25
2 7 10 11 16
2 7 10 11 19
2 7 10 11 20
2 7 10 11 24
2 7 10 12 17
2 7 10 12 24
2 7 10 13 17
2 7 10 13 18
2 7 10 13 20
2 7 10 14 17
2 7 10 14 19
2 7 10 15 18
2 7 10 15 19
2 7 10 15 20
2 7 10 15 21
2 7 10 17 18
2 7 10 17 22
2 7 10 18 25
2 7 10 19 23
2 7 10 19 25
2 7 10 20 21
2 7 10 20 22
2 7 10 20 23
2 7 10 20 24
2 7 10 20 25
2 7 10 21 22
2 7 10 21 23
2 7 10 21 24
2 7 10 21 25
2 7 10 22 23
2 7 10 22 24
2 7 10 22 25
2 7 10 23 24
2 7 10 23 25
2 7 10 24 25
2 7 11 12 13
2 7 11 12 14
2 7 11 12 15
2 7 11 12 16
2 7 11 12 17
2 7 11 12 18
2 7 11 12 19
2 7 11 12 20
2 7 11 12 21
2 7 11 12 22
2 7 11 12 23
2 7 11 12 24
2 7 11 12 25
2 7 11 13 14
2 7 11 13 15
2 7 11 13 16
2 7 11 13 17
2 7 11 13 18
2 7 11 13 19
2 7 11 13 20
2 7 11 13 21
2 7 11 13 22
2 7 11 13 23
2 7 11 13 24
2 7 11 13 25
2 7 11 14 15
2 7 11 14 16
2 7 11 14 17
2 7 11 14 18
2 7 11 14 19
2 7 11 14 20
2 7 11 14 21
2 7 11 14 22
2 7 11 14 23
2 7 11 14 24
2 7 11 14 25
2 7 11 15 16
2 7 11 15 17
2 7 11 15 18
2 7 11 15 19
2 7 11 15 20
2 7 11 15 21
2 7 11 15 22
2 7 11 15 23
2 7 11 15 24
2 7 11 15 25
2 7 11 16 17
2 7 11 16 18
2 7 11 16 19
2 7 11 16 20
2 7 11 16 21
2 7 11 16 22
2 7 11 16 23
2 7 11 16 24
2 7 11 16 25
2 7 11 17 18
2 7 11 17 19
2 7 11 17 20
2 7 11 17 21
2 7 11 17 22
2 7 11 17 23
2 7 11 17 24
2 7 11 17 25
2 7 11 18 19
2 7 11 18 20
2 7 11 18 21
2 7 11 18 22
2 7 11 18 23
2 7 11 18 24
2 7 11 18 25
2 7 11 19 20
2 7 11 19 21
2 7 11 19 22
2 7 11 19 23
2 7 11 19 24
2 7 11 20 25
2 7 11 21 22
2 7 11 21 24
2 7 11 23 24
2 7 12 13 17
2 7 12 13 22
2 7 12 13 24
2 7 12 13 25
2 7 12 14 21
2 7 12 14 24
2 7 12 16 19
2 7 12 16 20
2 7 12 16 25
2 7 12 17 22
2 7 12 17 23
2 7 12 18 22
2 7 12 18 25
2 7 12 19 24
2 7 12 20 22
2 7 12 20 24
2 7 13 14 20
2 7 13 14 22
2 7 13 15 17
2 7 13 16 17
2 7 13 16 19
2 7 13 16 23
2 7 13 17 18
2 7 13 18 20
2 7 13 18 22
2 7 13 18 23
2 7 13 18 24
2 7 13 19 20
2 7 13 21 23
2 7 13 21 24
2 7 13 21 25
2 7 13 22 25
2 7 13 24 25
2 7 14 15 17
2 7 14 15 18
2 7 14 15 21
2 7 14 15 22
2 7 14 16 17
2 7 14 16 18
2 7 14 16 19
2 7 14 16 20
2 7 14 16 22
2 7 14 16 23
2 7 14 16 24
2 7 14 16 25
2 7 14 17 18
2 7 14 17 19
2 7 14 18 20
2 7 14 19 22
2 7 14 19 23
2 7 14 20 25
2 7 15 16 19
2 7 15 17 18
2 7 15 17 21
2 7 15 17 22
2 7 15 17 23
2 7 16 19 21
2 7 18 23 24
2 8 9 10 15
2 8 9 10 16
2 8 9 10 19
2 8 9 10 22
2 8 9 11 16
2 8 9 11 18
2 8 9 11 20
2 8 9 11 25
2 8 9 12 16
2 8 9 12 17
2 8 9 12 20
2 8 9 13 14
2 8 9 13 18
2 8 9 13 19
2 8 9 13 24
2 8 9 14 17
2 8 9 14 21
2 8 9 14 23
2 8 9 15 17
2 8 9 15 18
2 8 9 15 20
2 8 9 15 22
2 8 9 15 24
2 8 9 16 18
2 8 9 16 23
2 8 9 16 24
2 8 9 17 21
2 8 9 18 21
2 8 9 18 24
2 8 9 18 25
2 8 9 21 22
2 8 10 11 23
2 8 10 11 25
2 8 10 12 16
2 8 10 12 18
2 8 10 12 20
2 8 10 13 14
2 8 10 13 16
2 8 10 13 17
2 8 10 13 22
2 8 10 14 15
2 8 10 14 18
2 8 10 14 19
2 8 10 14 24
2 8 10 15 19
2 8 10 15 20
2 8 10 15 23
2 8 10 16 18
2 8 10 16 20
2 8 10 17 18
2 8 10 17 20
2 8 10 18 20
2 8 10 19 21
2 8 10 20 21
2 8 10 20 24
2 8 10 20 25
2 8 10 21 22
2 8 10 21 23
2 8 10 21 25
2 8 10 22 24
2 8 10 23 25
2 8 11 12 15
2 8 11 12 20
2 8 11 12 23
2 8 12 13 24
2 9 11 14 21
2 10 17 23 24
2 11 13 19 23
2 11 14 18 24
2 11 14 23 25
2 11 15 20 24
2 11 16 18 19
2 11 16 18 20
2 11 16 19 21
2 11 17 18 24
2 11 17 20 25
2 12 13 19 23
2 12 13 21 24
2 13 17 20 23
2 13 18 19 21
2 13 18 20 21
2 13 18 24 25
2 16 18 24 25
2 18 19 20 23
2 18 19 21 24
3 4 5 6 7
3 4 5 6 23
3 4 5 8 10
3 4 5 8 12
3 4 5 8 14
3 4 5 9 17
3 4 5 9 20
3 4 5 10 11
3 4 5 10 13
3 4 5 10 15
3 4 5 10 24
3 4 5 11 15
3 4 5 11 17
3 4 5 11 19
3 4 5 11 21
3 4 5 11 25
3 4 5 12 18
3 4 5 12 23
3 4 5 13 15
3 4 5 13 17
3 4 5 13 23
3 4 5 14 15
3 4 5 15 16
3 4 5 15 21
3 4 5 15 22
3 4 5 15 24
3 4 5 17 20
3 4 5 17 22
3 4 5 19 21
3 4 5 21 24
3 4 5 22 23
3 4 5 22 24
3 4 5 23 24
3 4 5 23 25
3 4 6 8 18
3 4 6 8 20
3 4 6 9 21
3 4 6 14 16
3 4 7 8 13
3 4 7 8 19
3 4 7 8 20
3 4 7 8 21
3 4 7 8 23
3 4 7 8 24
3 4 7 12 15
3 4 7 12 25
3 4 8 9 10
3 4 8 9 20
3 4 8 9 21
3 4 8 9 22
3 4 8 10 17
3 4 8 10 18
3 4 8 13 22
3 4 8 16 18
3 4 8 16 22
3 4 8 16 24
3 4 8 18 20
3 4 8 22 23
3 4 9 10 14
3 4 9 10 16
3 4 9 10 18
3 4 9 10 20
3 4 9 10 21
3 4 9 10 24
3 4 9 11 13
3 4 9 11 14
3 4 9 11 16
3 4 9 11 19
3 4 9 11 20
3 4 9 12 16
3 4 9 12 18
3 4 9 12 21
3 4 9 12 25
3 4 9 13 14
3 4 9 13 16
3 4 9 13 17
3 4 9 13 19
3 4 9 13 22
3 4 9 13 23
3 4 9 13 24
3 4 9 13 25
3 4 9 14 16
3 4 9 14 17
3 4 9 14 23
3 4 9 14 24
3 4 9 15 17
3 4 9 15 22
3 4 9 15 23
3 4 9 15 24
3 4 9 16 17
3 4 9 16 21
3 4 9 16 22
3 4 9 16 25
3 4 9 17 18
3 4 9 17 19
3 4 9 17 22
3 4 9 17 23
3 4 9 17 25
3 4 9 18 20
3 4 9 18 24
3 4 9 18 25
3 4 9 19 24
3 4 9 19 25
3 4 9 20 23
3 4 9 21 24
3 4 9 21 25
3 4 9 23 25
3 4 10 11 15
3 4 10 11 17
3 4 10 11 20
3 4 10 11 23
3 4 10 11 24
3 4 10 11 25
3 4 10 12 25
3 4 10 13 20
3 4 10 19 20
3 4 10 19 24
3 4 12 16 24
3 4 13 16 24
3 4 13 18 20
3 4 13 21 22
3 4 18 19 25
3 5 6 7 16
3 5 6 7 18
3 5 6 8 13
3 5 6 8 18
3 5 6 9 10
3 5 6 13 15
3 5 6 15 18
3 5 6 18 20
3 5 6 18 25
3 5 6 19 24
3 5 8 9 13
3 5 8 9 17
3 5 8 9 19
3 5 8 9 23
3 5 8 10 11
3 5 8 10 12
3 5 8 10 19
3 5 8 10 25
3 5 8 11 15
3 5 8 11 17
3 5 8 11 18
3 5 8 12 14
3 5 8 12 20
3 5 8 13 15
3 5 8 13 18
3 5 8 13 23
3 5 8 15 19
3 5 8 16 17
3 5 8 16 25
3 5 8 17 18
3 5 8 17 20
3 5 8 17 23
3 5 8 17 25
3 5 8 18 19
3 5 8 20 23
3 5 8 21 23
3 5 8 24 25
3 5 9 11 15
3 5 10 11 13
3 5 10 13 16
3 5 10 13 18
3 5 10 13 21
3 5 10 13 25
3 5 10 19 24
3 5 10 24 25
3 5 11 13 20
3 5 11 16 17
3 5 12 13 17
3 5 12 21 25
3 5 13 14 19
3 6 8 9 13
3 6 8 9 20
3 6 8 10 15
3 6 8 10 20
3 6 8 10 24
3 6 8 11 21
3 6 8 12 18
3 6 8 13 18
3 6 8 14 18
3 6 8 15 20
3 6 8 15 23
3 6 8 16 21
3 6 8 20 21
3 6 9 11 14
3 6 9 14 19
3 6 9 14 25
3 6 11 13 18
3 7 8 12 15
3 7 10 11 12
3 7 10 11 15
3 7 10 11 18
3 7 10 23 25
3 7 11 12 16
3 7 11 12 18
3 7 11 13 24
3 7 11 18 19
3 7 11 20 25
3 7 11 22 23
3 7 13 15 21
3 7 13 16 23
3 7 13 21 22
3 7 13 23 24
3 7 14 17 19
3 7 14 18 24
3 7 14 19 24
3 7 14 20 21
3 8 9 10 12
3 8 9 10 15
3 8 9 10 17
3 8 9 10 21
3 8 9 10 23
3 8 9 12 20
3 8 9 13 14
3 8 9 13 16
3 8 9 14 15
3 8 9 14 22
3 8 9 14 24
3 8 9 15 17
3 8 9 17 23
3 8 9 19 24
3 8 9 19 25
3 8 9 20 25
3 8 9 22 23
3 8 9 23 24
3 8 10 12 18
3 8 10 14 16
3 8 10 15 19
3 8 10 15 20
3 8 10 15 21
3 8 10 17 18
3 8 10 19 20
3 8 10 19 24
3 8 10 21 22
3 8 11 12 19
3 8 11 12 22
3 8 11 13 18
3 8 11 14 16
3 8 11 15 22
3 8 11 18 22
3 8 11 18 23
3 8 12 17 23
3 8 12 17 24
3 8 12 18 22
3 8 12 18 24
3 8 12 19 24
3 8 12 22 24
3 8 13 14 15
3 8 13 14 17
3 8 13 15 19
3 8 13 16 21
3 8 13 16 22
3 8 13 16 24
3 8 13 16 25
3 8 13 19 22
3 8 13 19 24
3 8 13 20 24
3 8 14 15 18
3 8 14 15 22
3 8 14 16 24
3 8 14 16 25
3 8 14 18 23
3 8 14 19 22
3 8 14 20 21
3 8 14 21 25
3 8 15 19 23
3 8 16 17 23
3 8 16 19 25
3 8 17 19 20
3 8 17 19 22
3 8 17 20 24
3 8 17 23 25
3 8 18 20 21
3 8 18 21 25
3 8 18 22 25
3 8 19 22 24
3 8 19 23 24
3 8 20 22 23
3 8 21 22 24
3 8 21 23 25
3 10 11 16 25
3 10 11 22 24
3 10 11 23 24
3 10 12 13 15
3 10 12 13 18
3 10 12 13 19
3 10 12 13 20
3 10 12 13 21
3 10 12 13 22
3 10 12 13 23
3 10 12 14 15
3 10 12 14 17
3 10 12 14 18
3 10 12 14 19
3 10 12 14 22
3 10 12 14 23
3 10 12 15 22
3 10 12 15 24
3 10 12 15 25
3 10 12 16 21
3 10 12 16 24
3 10 12 16 25
3 10 12 17 18
3 10 12 17 20
3 10 12 17 24
3 10 12 18 19
3 10 12 19 20
3 10 13 14 18
3 10 13 14 24
3 10 13 15 24
3 10 13 16 20
3 11 12 13 18
3 11 13 20 25
3 11 14 18 25
3 11 14 21 23
3 11 14 24 25
3 11 15 18 25
3 11 16 17 19
3 11 16 20 24
3 11 17 21 22
3 11 17 23 25
3 11 18 20 21
3 12 13 15 21
3 12 13 17 20
3 12 13 19 25
3 12 14 23 24
3 12 17 19 25
3 12 17 21 24
3 12 19 20 21
3 12 19 20 25
3 12 20 21 24
3 13 15 18 20
3 13 15 18 25
3 13 17 23 24
3 13 18 20 22
3 13 19 20 23
3 14 17 21 23
3 14 17 21 24
3 14 21 23 25
3 15 16 20 25
3 15 16 21 22
3 15 16 21 24
3 15 16 21 25
3 15 16 24 25
3 15 17 18 19
3 15 17 18 24
3 15 17 19 21
3 15 17 19 23
3 15 17 19 25
3 15 17 21 22
3 15 17 21 24
3 15 17 21 25
3 15 17 22 23
3 15 18 19 21
3 15 18 20 23
3 15 18 21 23
3 15 18 21 24
3 15 18 22 24
3 15 18 22 25
3 15 18 23 24
3 15 19 20 21
3 15 19 20 23
3 15 19 21 22
3 15 19 21 23
3 15 19 23 24
3 15 20 21 24
3 15 20 22 24
3 15 20 23 24
3 15 21 22 23
3 15 21 23 25
3 15 22 23 24
3 15 22 23 25
3 16 17 18 19
3 16 17 18 21
3 16 17 19 21
3 16 17 19 22
3 16 17 20 24
3 16 17 21 23
3 16 17 21 24
3 16 17 22 23
3 16 17 22 24
3 16 17 23 25
3 16 18 19 20
3 16 18 19 23
3 16 18 20 23
3 16 18 21 23
3 16 18 22 25
3 16 18 23 24
3 16 19 20 23
3 16 19 21 22
3 17 18 21 23
3 18 19 23 25
3 18 19 24 25
3 18 20 22 23
3 18 20 22 24
3 18 21 22 25
4 5 6 7 8
4 5 6 7 16
4 5 6 7 20
4 5 6 12 24
4 5 6 20 22
4 5 6 21 23
4 5 8 9 11
4 5 8 9 12
4 5 8 10 12
4 5 8 10 14
4 5 8 10 20
4 5 8 10 24
4 5 8 11 12
4 5 8 11 13
4 5 8 11 14
4 5 8 11 20
4 5 8 12 14
4 5 8 12 20
4 5 8 13 15
4 5 8 14 15
4 5 8 15 17
4 5 8 15 20
4 5 8 15 25
4 5 8 16 21
4 5 8 18 25
4 5 8 19 22
4 5 8 19 23
4 5 8 19 25
4 5 8 20 24
4 5 8 21 22
4 5 11 15 25
4 5 12 13 25
4 5 12 15 21
4 5 12 17 21
4 6 7 15 24
4 6 7 16 22
4 6 7 16 25
4 6 7 17 21
4 6 7 19 25
4 6 7 21 23
4 6 8 9 21
4 6 8 9 25
4 6 8 10 20
4 6 8 11 13
4 6 8 11 15
4 6 8 11 17
4 6 8 12 16
4 6 8 12 21
4 6 8 12 24
4 6 8 12 25
4 6 8 13 19
4 6 8 13 20
4 6 8 13 21
4 6 8 13 24
4 6 8 15 19
4 6 8 15 20
4 6 8 15 24
4 6 8 15 25
4 6 8 16 18
4 6 8 17 20
4 6 8 17 21
4 6 8 17 25
4 6 8 18 19
4 6 8 19 22
4 6 8 20 24
4 6 8 21 23
4 6 8 23 24
4 6 8 24 25
4 6 9 10 11
4 6 9 10 15
4 6 9 10 16
4 6 9 11 18
4 6 9 13 17
4 6 9 13 20
4 6 9 13 24
4 6 9 15 23
4 6 9 15 24
4 6 9 17 23
4 6 9 18 25
4 6 9 21 24
4 6 10 11 18
4 6 10 11 21
4 6 10 12 14
4 6 10 12 15
4 6 10 12 25
4 6 10 13 15
4 6 10 13 21
4 6 10 14 19
4 6 10 14 23
4 6 10 15 21
4 6 10 15 23
4 6 10 15 24
4 6 10 15 25
4 6 10 16 18
4 6 10 17 19
4 6 10 18 22
4 6 10 18 25
4 6 10 19 20
4 6 10 20 21
4 6 10 20 22
4 6 10 20 23
4 6 10 21 22
4 6 10 21 24
4 6 10 23 25
4 6 11 12 13
4 6 11 12 15
4 6 11 13 19
4 6 11 13 22
4 6 11 13 23
4 6 11 14 18
4 6 11 14 19
4 6 11 14 21
4 6 11 14 24
4 6 11 15 20
4 6 11 15 21
4 6 11 16 23
4 6 11 16 24
4 6 11 18 20
4 6 11 18 25
4 6 11 20 21
4 6 11 20 22
4 6 11 20 23
4 6 11 21 22
4 6 11 23 24
4 6 12 13 22
4 6 12 15 19
4 6 12 15 25
4 6 12 16 17
4 6 12 16 23
4 6 12 16 24
4 7 8 12 25
4 8 9 10 19
4 8 9 10 25
4 8 9 11 16
4 8 9 11 22
4 8 9 12 15
4 8 9 12 22
4 8 9 13 15
4 8 9 13 16
4 8 9 14 21
4 8 9 15 17
4 8 9 16 17
4 8 9 18 24
4 8 9 19 22
4 8 9 19 24
4 8 10 11 12
4 8 10 12 18
4 8 10 12 25
4 8 10 14 23
4 8 10 19 21
4 8 10 19 25
4 8 10 20 25
4 8 10 21 23
4 8 10 21 24
4 8 11 15 17
4 8 11 15 24
4 8 11 16 24
4 8 11 16 25
4 8 11 17 18
4 8 11 17 20
4 8 11 18 24
4 8 11 20 25
4 8 12 13 23
4 8 12 13 24
4 8 12 16 18
4 8 12 17 20
4 8 12 17 23
4 8 12 18 25
4 8 13 15 18
4 8 13 15 22
4 8 13 15 23
4 8 13 16 19
4 8 13 16 24
4 8 13 20 23
4 8 13 22 24
4 8 14 16 21
4 8 14 17 22
4 8 14 21 22
4 8 14 21 25
4 8 15 16 21
4 8 15 16 23
4 8 15 16 24
4 8 15 18 21
4 8 15 22 24
4 8 16 17 21
4 8 16 17 22
4 8 17 19 22
4 8 17 20 22
4 8 18 19 22
4 8 18 20 21
4 8 18 22 25
4 8 19 21 23
4 8 19 22 23
4 8 20 21 22
4 8 21 23 25
4 9 14 18 23
4 10 12 13 25
4 10 12 16 24
4 10 12 17 21
4 10 12 18 24
4 10 12 20 23
4 11 12 20 25
4 11 12 23 25
4 11 15 17 25
4 11 16 20 25
4 11 16 21 22
4 11 16 22 23
4 11 16 22 24
4 11 16 23 25
4 11 17 18 19
4 11 17 18 21
4 11 17 19 23
4 11 17 20 21
4 11 17 20 25
4 11 17 23 24
4 11 18 19 25
4 11 18 20 21
4 11 18 20 22
4 11 18 20 25
4 11 18 22 24
4 11 19 20 23
4 11 19 21 23
4 11 19 22 25
4 11 20 22 24
4 11 20 23 24
4 11 21 22 25
4 11 21 23 25
4 11 22 23 25
4 12 13 14 18
4 12 13 14 19
4 12 13 14 22
4 12 13 14 24
4 12 13 15 17
4 12 13 15 22
4 12 13 15 25
4 12 13 16 17
4 12 13 16 19
4 12 13 16 22
4 12 13 16 23
4 12 13 16 25
4 12 13 17 25
4 12 13 18 20
4 12 13 19 24
4 12 13 20 23
4 12 13 23 24
4 12 14 15 17
4 12 14 15 25
4 12 14 16 25
4 12 14 17 21
4 12 14 18 22
4 12 14 19 23
4 12 14 20 22
4 12 14 20 25
4 12 14 21 24
4 12 14 24 25
4 12 15 16 18
4 12 15 16 25
4 12 15 17 18
4 12 15 17 21
4 12 15 17 22
4 12 15 18 22
4 12 15 20 24
4 12 15 20 25
4 12 15 22 23
4 12 15 23 24
4 12 16 17 19
4 12 16 18 19
4 12 16 18 22
4 12 16 20 24
4 12 16 21 23
4 12 17 18 19
4 12 17 18 20
4 12 17 18 23
4 12 17 19 20
4 12 17 19 21
4 12 17 21 23
4 12 17 24 25
4 12 18 19 22
4 12 18 19 24
4 12 18 21 22
4 12 19 21 23
4 12 19 22 23
4 12 19 22 25
4 12 19 23 24
4 12 19 23 25
4 12 20 21 23
4 12 20 21 25
4 12 22 23 25
4 13 14 15 25
4 13 14 16 18
4 13 14 17 22
4 13 14 19 24
4 13 14 20 23
4 13 14 24 25
4 13 15 17 18
4 13 15 17 25
4 13 15 18 21
4 13 15 18 23
4 13 15 19 23
4 13 15 20 22
4 13 15 21 24
4 13 15 23 24
4 13 16 17 19
4 13 16 17 21
4 13 16 17 22
4 13 16 18 19
4 13 16 18 23
4 13 16 20 21
4 13 16 20 22
4 13 17 18 20
4 13 17 18 24
4 13 17 19 20
4 13 17 19 25
4 13 17 20 21
4 13 17 20 22
4 13 17 22 25
4 13 17 23 25
4 13 18 19 22
4 13 18 19 24
4 13 18 21 24
4 13 18 22 24
4 13 18 24 25
4 13 19 20 22
4 13 19 20 23
4 13 19 23 24
4 13 19 23 25
4 13 20 21 22
4 13 20 22 23
4 13 20 23 24
4 13 20 23 25
4 13 21 23 25
4 13 21 24 25
4 13 22 23 24
4 14 15 17 18
4 14 15 17 23
4 14 15 18 22
4 14 15 18 25
4 14 15 19 25
4 14 15 22 23
4 14 15 23 24
4 14 15 23 25
4 14 16 17 20
4 14 16 17 21
4 14 16 18 19
4 14 16 19 20
4 14 16 19 21
4 14 16 20 25
4 14 16 21 24
4 14 16 22 25
4 14 16 24 25
4 14 17 19 22
4 14 17 21 24
4 14 17 23 24
4 14 17 23 25
4 14 18 19 25
4 14 18 20 21
4 14 18 20 22
4 14 18 20 24
4 14 18 21 23
4 14 18 24 25
4 14 19 20 22
4 14 19 20 25
4 14 19 21 23
4 14 19 21 24
4 14 20 21 23
4 14 20 21 24
4 14 20 22 24
4 14 20 23 24
4 14 20 24 25
4 14 21 22 24
4 14 21 23 25
4 14 21 24 25
4 14 22 23 25
4 15 16 17 19
4 15 16 17 20
4 15 16 17 23
4 15 16 18 22
4 15 16 18 24
4 15 16 18 25
4 15 16 19 22
4 15 16 19 24
4 15 16 20 22
4 15 16 22 24
4 15 17 18 23
4 15 17 19 21
4 15 17 21 22
4 15 17 21 23
4 15 17 22 23
4 15 18 21 25
5 6 7 8 10
5 6 7 8 15
5 6 7 8 17
5 6 7 8 18
5 6 7 8 22
5 6 7 10 11
5 6 7 10 13
5 6 7 10 18
5 6 7 10 24
5 6 7 11 16
5 6 7 11 18
5 6 7 11 19
5 6 7 11 21
5 6 7 11 22
5 6 7 11 23
5 6 7 11 24
5 6 7 12 17
5 6 7 12 23
5 6 7 13 16
5 6 7 13 18
5 6 7 13 20
5 6 7 13 21
5 6 7 13 24
5 6 7 14 21
5 6 7 14 22
5 6 7 15 16
5 6 7 15 17
5 6 7 15 18
5 6 7 16 19
5 6 7 17 21
5 6 7 17 23
5 6 7 18 19
5 6 7 18 21
5 6 7 18 25
5 6 8 9 11
5 6 8 10 11
5 6 8 10 17
5 6 8 10 19
5 6 8 11 15
5 6 8 11 25
5 6 8 12 17
5 6 8 14 17
5 6 8 14 21
5 6 8 16 21
5 6 8 17 22
5 6 8 17 24
5 6 8 18 19
5 6 8 18 20
5 6 8 20 24
5 6 8 21 25
5 6 8 22 23
5 6 9 10 11
5 6 9 10 19
5 6 9 11 14
5 6 9 11 15
5 6 9 11 19
5 6 9 13 14
5 6 9 13 21
5 6 9 13 22
5 6 9 13 24
5 6 9 13 25
5 6 9 14 18
5 6 9 14 19
5 6 9 14 23
5 6 9 14 24
5 6 9 15 17
5 6 9 15 22
5 6 9 15 23
5 6 9 17 19
5 6 9 17 20
5 6 9 17 21
5 6 9 17 24
5 6 9 18 21
5 6 9 19 21
5 6 9 19 22
5 6 9 19 24
5 6 9 21 24
5 6 9 22 23
5 6 10 11 19
5 6 10 13 15
5 6 10 13 16
5 6 10 14 15
5 6 10 16 21
5 6 10 16 22
5 6 10 18 23
5 6 10 19 25
5 6 10 20 21
5 6 10 20 22
5 6 11 16 17
5 6 12 13 16
5 6 12 13 20
5 6 12 13 23
5 6 12 14 15
5 6 12 14 19
5 6 12 14 25
5 6 12 15 18
5 6 12 15 20
5 6 12 19 21
5 6 12 21 24
5 6 13 14 20
5 6 13 16 22
5 6 13 17 18
5 6 13 17 21
5 6 13 18 21
5 6 13 19 20
5 6 13 19 23
5 6 13 20 21
5 6 13 22 23
5 6 14 15 16
5 6 14 15 22
5 6 14 15 23
5 6 14 15 25
5 6 14 16 20
5 6 14 16 21
5 6 14 17 18
5 6 14 17 19
5 6 14 17 22
5 6 14 17 25
5 6 14 18 20
5 6 14 19 20
5 6 14 19 23
5 6 14 19 25
5 6 14 24 25
5 6 15 17 24
5 6 15 19 20
5 6 15 20 21
5 6 15 20 22
5 6 15 21 24
5 6 16 18 25
5 6 16 22 23
5 6 16 23 25
5 6 17 18 22
5 6 17 20 23
5 6 18 19 21
5 6 18 19 24
5 6 18 20 23
5 6 18 21 23
5 6 18 23 25
5 6 18 24 25
5 6 19 20 21
5 6 19 20 23
5 6 19 22 25
5 6 20 22 25
5 6 20 23 24
5 7 8 10 11
5 7 8 10 15
5 7 8 12 24
5 7 8 13 17
5 7 8 13 24
5 7 8 14 21
5 7 8 14 22
5 7 8 15 19
5 7 8 15 21
5 7 8 17 21
5 7 8 17 23
5 7 8 21 22
5 7 9 11 20
5 7 9 11 22
5 7 9 12 17
5 7 9 15 22
5 7 12 14 22
5 8 9 10 23
5 8 9 11 12
5 8 9 13 21
5 8 9 13 23
5 8 9 13 25
5 8 9 14 20
5 8 9 14 23
5 8 10 11 22
5 8 10 12 22
5 8 10 12 25
5 8 10 13 14
5 8 10 13 15
5 8 10 14 20
5 8 11 12 22
5 8 11 21 22
5 8 12 13 19
5 8 12 13 21
5 8 12 13 25
5 8 12 14 17
5 8 12 14 20
5 8 12 15 19
5 8 12 15 21
5 8 12 15 22
5 8 12 15 24
5 8 12 16 18
5 8 12 16 19
5 8 12 16 25
5 8 12 18 19
5 8 12 20 23
5 8 12 22 25
5 8 13 14 21
5 8 13 14 22
5 8 13 15 24
5 8 13 16 21
5 8 13 21 24
5 8 14 17 22
5 8 14 17 25
5 8 14 18 22
5 8 14 18 23
5 8 14 20 22
5 8 14 20 25
5 8 14 24 25
5 8 15 16 18
5 8 15 17 21
5 8 15 17 23
5 8 15 17 25
5 8 15 23 25
5 8 16 17 18
5 8 16 17 24
5 8 16 23 25
5 8 17 18 21
5 8 17 18 24
5 8 17 21 23
5 8 17 23 25
5 8 18 20 21
5 8 18 21 22
5 8 18 21 24
5 8 18 21 25
5 8 19 21 24
5 8 20 21 23
5 9 10 12 24
5 9 10 13 20
5 9 10 14 21
5 9 10 15 16
5 9 10 15 23
5 9 10 16 18
5 9 10 17 22
5 9 10 17 24
5 9 10 18 19
5 9 10 20 22
5 9 10 20 23
5 9 10 20 24
5 9 10 20 25
5 9 11 12 13
5 9 11 13 22
5 9 11 14 22
5 9 11 15 16
5 9 11 16 18
5 9 11 16 23
5 9 11 16 25
5 9 11 18 22
5 9 11 20 22
5 9 11 22 25
5 9 12 13 20
5 9 12 13 23
5 9 12 14 18
5 9 12 15 19
5 9 12 16 18
5 9 12 18 22
5 9 12 19 21
5 9 12 20 24
5 9 12 20 25
5 9 13 14 21
5 9 13 14 23
5 9 13 14 25
5 9 13 15 17
5 9 13 15 23
5 9 13 16 20
5 9 13 16 21
5 9 13 17 19
5 9 13 17 24
5 9 13 18 25
5 9 13 19 24
5 9 13 20 21
5 9 13 20 24
5 9 13 21 23
5 9 13 21 25
5 9 13 23 24
5 9 14 16 19
5 9 14 17 18
5 9 14 17 22
5 9 14 18 20
5 9 14 19 20
5 9 14 19 21
5 9 14 19 23
5 9 14 20 21
5 9 14 20 25
5 9 14 21 24
5 9 15 16 19
5 9 15 16 20
5 9 15 17 21
5 9 15 18 21
5 9 15 19 21
5 9 15 20 25
5 9 15 21 22
5 9 15 21 24
5 9 16 17 20
5 9 16 18 20
5 9 16 18 21
5 9 16 18 23
5 9 16 19 24
5 9 17 18 24
5 9 17 18 25
5 9 17 19 23
5 9 17 19 24
5 9 17 20 21
5 9 17 21 23
5 9 18 19 20
5 9 18 19 22
5 9 18 20 22
5 9 18 20 25
5 9 18 21 24
5 9 18 22 23
5 9 19 20 23
5 9 19 20 24
5 9 19 20 25
5 9 19 21 22
5 9 19 21 25
5 9 19 24 25
5 9 20 22 25
5 9 20 23 24
5 10 12 13 20
5 10 12 13 25
5 10 12 14 17
5 10 12 14 19
5 10 12 16 19
5 10 12 17 18
5 10 12 18 23
5 10 12 19 22
5 10 12 20 25
5 10 13 15 16
5 10 13 16 19
5 10 13 16 25
5 10 14 16 25
5 10 14 20 22
5 10 16 17 18
5 10 16 18 19
5 10 16 19 21
5 10 16 19 22
5 10 16 20 22
5 10 22 24 25
5 11 12 19 22
5 11 12 21 22
5 11 13 16 22
5 11 13 22 23
5 11 13 22 25
5 11 15 22 24
5 11 16 18 22
5 11 16 22 23
5 11 22 24 25
5 12 13 16 21
5 12 13 20 24
5 12 14 16 18
5 12 14 16 21
5 12 14 16 23
5 12 14 16 24
5 12 14 18 21
5 12 14 19 23
5 12 14 19 24
5 12 14 23 25
5 12 15 17 22
5 12 16 17 22
5 12 16 17 24
5 12 16 18 19
5 12 16 19 25
5 12 16 20 23
5 12 16 20 25
5 12 17 22 24
5 12 17 23 24
5 12 18 19 24
5 12 19 20 22
5 12 19 22 23
5 12 21 22 23
5 12 22 23 24
5 13 14 21 22
5 13 14 22 23
5 13 14 22 24
5 13 15 16 21
5 13 15 16 23
5 13 15 21 22
5 13 15 22 24
5 13 15 22 25
5 13 16 17 18
5 13 16 17 21
5 13 16 17 22
5 13 16 17 24
5 13 16 18 19
5 13 16 18 20
5 13 16 18 23
5 13 16 20 24
5 13 16 21 23
5 13 16 22 25
5 13 16 23 24
5 13 17 18 22
5 13 18 22 24
5 13 19 20 22
5 13 21 22 25
5 14 16 20 25
5 14 16 21 25
5 14 16 22 23
5 14 16 23 25
5 14 17 21 22
5 14 18 22 23
5 14 18 22 24
5 15 16 17 20
5 15 16 17 21
5 15 16 17 24
5 15 16 19 20
5 15 16 19 25
5 15 16 20 21
5 15 16 21 24
5 15 16 23 24
5 15 17 22 23
5 15 19 22 24
5 15 19 22 25
5 15 20 22 25
5 16 17 18 25
5 16 17 19 24
5 16 17 20 22
5 16 17 21 22
5 16 17 21 24
5 16 18 19 21
5 16 18 19 25
6 7 9 11 23
6 7 9 14 18
6 7 9 14 25
6 7 12 14 25
6 8 9 14 18
6 8 11 12 15
6 8 12 19 25
6 9 10 11 21
6 9 10 11 23
6 9 10 13 17
6 9 10 13 24
6 9 10 14 15
6 9 10 14 19
6 9 10 14 24
6 9 10 15 17
6 9 10 15 19
6 9 10 15 20
6 9 10 17 21
6 9 10 17 22
6 9 10 17 24
6 9 10 19 20
6 9 10 19 21
6 9 10 19 24
6 9 10 20 24
6 9 10 21 22
6 9 10 21 24
6 9 10 22 24
6 9 10 23 24
6 9 10 24 25
6 9 11 12 13
6 9 11 12 16
6 9 11 12 17
6 9 11 12 18
6 9 11 12 19
6 9 11 12 22
6 9 11 12 23
6 9 11 13 18
6 9 11 13 20
6 9 11 13 23
6 9 11 14 21
6 9 11 15 16
6 9 11 15 21
6 9 11 15 23
6 9 11 17 18
6 9 11 19 21
6 9 12 13 15
6 9 12 13 18
6 9 12 14 15
6 9 12 15 18
6 9 12 15 23
6 9 12 15 25
6 9 12 17 18
6 9 12 17 23
6 9 12 18 19
6 9 12 18 21
6 9 13 17 25
6 9 13 20 23
6 9 13 20 24
6 9 13 22 23
6 9 13 22 24
6 9 13 24 25
6 9 14 15 20
6 9 14 18 21
6 9 15 18 19
6 9 15 22 24
6 9 17 18 20
6 9 17 21 24
6 9 18 19 20
6 9 18 19 23
6 9 18 21 24
6 9 18 24 25
6 9 19 20 24
6 9 19 22 24
6 9 20 21 23
6 9 20 21 24
6 10 11 12 13
6 10 11 12 19
6 10 11 12 23
6 10 11 13 18
6 10 11 13 20
6 10 11 13 25
6 10 11 14 16
6 10 11 14 17
6 10 11 14 19
6 10 11 15 21
6 10 11 16 17
6 10 11 16 22
6 10 12 14 22
6 11 12 13 22
6 11 12 14 22
6 11 12 22 25
6 12 13 14 22
6 12 13 19 22
6 12 13 21 22
6 12 13 22 23
6 12 13 22 25
6 12 14 18 22
6 12 15 20 22
6 12 15 22 23
6 12 15 22 24
6 12 15 22 25
6 12 17 19 22
6 12 17 20 22
6 12 17 21 22
6 12 18 19 22
6 12 18 22 24
6 15 17 18 23
6 15 17 19 22
6 15 17 19 25
6 15 17 20 21
6 15 17 20 23
6 15 17 21 24
6 15 17 23 24
6 15 17 23 25
6 15 17 24 25
6 15 18 20 25
6 15 18 21 25
6 15 18 23 25
6 15 18 24 25
6 15 19 20 22
6 15 19 22 23
6 16 17 21 22
6 16 17 22 23
6 16 19 22 24
6 16 20 22 24
6 16 21 22 24
6 18 19 21 22
6 18 19 22 23
6 18 19 22 24
6 19 22 24 25
6 20 22 23 24
6 20 22 23 25
7 8 9 10 19
7 8 9 10 23
7 8 9 10 24
7 8 9 10 25
7 8 9 12 14
7 8 9 12 17
7 8 9 12 20
7 8 9 12 22
7 8 9 13 15
7 8 9 13 16
7 8 9 13 17
7 8 9 13 20
7 8 9 14 18
7 8 9 14 20
7 8 9 14 23
7 8 9 15 17
7 8 9 15 22
7 8 9 16 19
7 8 9 16 21
7 8 9 16 22
7 8 9 16 24
7 8 9 17 18
7 8 9 17 20
7 8 9 18 19
7 8 9 18 20
7 8 9 18 24
7 8 9 22 24
7 8 9 23 24
7 8 10 12 13
7 8 10 12 19
7 8 10 12 20
7 8 10 12 23
7 8 10 15 16
7 8 10 15 22
7 8 10 16 18
7 8 10 20 22
7 8 10 22 23
7 8 11 12 22
7 8 11 13 22
7 8 11 14 22
7 8 11 15 21
7 8 11 17 22
7 8 11 18 22
7 8 11 19 22
7 8 12 13 19
7 8 12 13 23
7 8 12 14 17
7 8 12 14 19
7 8 12 14 20
7 8 12 14 25
7 8 12 15 16
7 8 12 15 22
7 8 12 17 19
7 8 12 17 20
7 8 12 17 21
7 8 12 18 21
7 8 12 19 22
7 8 12 20 21
7 8 13 17 22
7 8 13 19 22
7 8 13 21 25
7 8 13 22 25
7 8 14 17 20
7 8 14 17 24
7 8 14 17 25
7 8 14 18 19
7 8 14 18 22
7 8 14 18 24
7 8 14 19 20
7 8 14 20 23
7 8 14 21 22
7 8 14 21 23
7 8 14 21 24
7 8 14 21 25
7 8 14 22 23
7 8 14 23 24
7 8 14 23 25
7 8 15 16 22
7 8 15 17 19
7 8 15 17 21
7 8 15 18 19
7 8 15 18 21
7 8 15 19 22
7 8 15 19 24
7 8 15 20 21
7 8 15 20 23
7 8 15 20 25
7 8 15 21 23
7 8 17 18 22
7 8 17 21 22
7 8 18 22 25
7 8 19 22 24
7 8 20 21 22
7 8 20 22 24
7 8 20 22 25
7 8 21 22 23
7 8 21 23 24
7 8 21 23 25
7 8 21 24 25
7 9 10 11 14
7 9 10 11 17
7 9 10 11 20
7 9 10 11 23
7 9 10 12 14
7 9 10 12 15
7 9 10 12 16
7 9 10 12 18
7 9 10 12 19
7 9 10 12 21
7 9 10 12 23
7 9 10 12 25
7 9 10 13 15
7 9 10 13 22
7 9 10 13 25
7 9 10 14 15
7 9 10 14 17
7 9 10 14 20
7 9 10 14 25
7 9 10 16 20
7 9 10 16 24
7 9 10 18 22
7 9 10 18 25
7 9 10 19 23
7 9 10 21 24
7 9 10 22 23
7 9 10 22 25
7 9 11 12 15
7 9 11 12 20
7 9 11 13 14
7 9 11 13 15
7 9 11 13 17
7 9 11 13 18
7 9 11 13 20
7 9 11 13 22
7 9 11 13 23
7 9 11 13 24
7 9 11 14 18
7 9 11 14 23
7 9 11 15 17
7 9 11 15 19
7 9 11 17 24
7 9 11 17 25
7 9 11 18 24
7 9 13 14 18
7 9 14 21 24
7 10 12 14 20
7 10 12 14 23
7 10 12 15 20
7 10 12 16 18
7 10 12 17 19
7 10 12 18 23
7 10 12 19 20
7 10 12 21 24
7 10 12 23 24
7 10 12 23 25
7 10 12 24 25
7 10 13 14 16
7 10 13 15 18
7 10 13 15 19
7 10 13 16 17
7 10 13 16 19
7 10 13 17 20
7 10 13 18 22
7 10 13 18 24
7 10 13 19 20
7 10 13 19 21
7 10 13 19 22
7 10 13 20 21
7 10 13 20 23
7 10 13 21 23
7 10 13 21 25
7 10 13 22 24
7 10 14 15 17
7 10 14 15 24
7 10 14 16 18
7 10 14 16 22
7 10 14 17 19
7 10 14 17 23
7 10 14 18 19
7 10 14 19 23
7 10 14 20 23
7 10 14 21 24
7 10 14 22 25
7 10 14 23 25
7 10 15 16 21
7 10 15 16 25
7 10 15 18 19
7 10 15 19 20
7 10 15 20 23
7 10 15 22 24
7 10 16 17 25
7 10 16 18 22
7 10 16 19 21
7 10 16 20 25
7 10 16 21 25
7 10 16 22 25
7 10 16 23 24
7 10 17 18 19
7 10 17 18 23
7 10 17 20 21
7 10 17 21 22
7 10 17 21 25
7 10 18 19 21
7 10 18 20 21
7 10 18 20 24
7 10 18 21 24
7 10 19 20 24
7 10 19 20 25
7 10 19 21 23
7 10 19 23 24
7 10 22 23 25
7 10 22 24 25
7 11 12 13 22
7 11 12 13 23
7 11 12 13 25
7 11 12 14 24
7 11 12 14 25
7 11 12 15 18
7 11 12 15 19
7 11 12 15 23
7 11 12 15 24
7 11 12 16 17
7 11 12 17 18
7 11 12 18 19
7 11 12 18 21
7 11 12 20 21
7 11 12 21 25
7 11 12 23 25
7 11 13 14 20
7 11 13 14 21
7 11 13 16 17
7 11 13 16 24
7 11 13 16 25
7 11 13 17 19
7 11 13 17 21
7 11 13 17 25
7 11 13 18 21
7 11 13 18 25
7 11 13 19 25
7 11 13 21 25
7 11 13 22 24
7 11 13 23 24
7 11 13 23 25
7 11 14 15 21
7 11 14 16 17
7 11 14 16 18
7 11 14 16 20
7 11 14 16 25
7 11 14 18 19
7 11 14 18 25
7 11 14 19 25
7 11 14 21 24
7 11 14 21 25
7 11 14 23 25
7 11 15 16 22
7 11 15 16 23
7 11 15 16 25
7 11 15 17 23
7 11 15 18 20
7 11 15 23 25
7 11 16 17 20
7 11 16 17 24
7 11 16 18 22
7 11 16 19 20
7 11 16 20 22
7 11 16 21 24
7 11 16 22 23
7 11 16 22 25
7 11 17 18 20
7 11 17 18 22
7 11 17 18 24
7 11 17 21 25
7 11 17 22 24
7 11 17 22 25
7 11 18 19 25
7 11 18 21 22
7 11 18 23 25
7 11 19 20 24
7 11 19 23 24
7 11 20 21 23
7 11 20 22 25
7 11 20 24 25
7 11 21 22 23
7 11 21 24 25
7 12 13 14 16
7 12 13 15 18
7 14 18 23 25
8 9 10 15 19
8 9 10 15 21
8 9 10 17 18
8 9 10 17 24
8 9 10 18 19
8 9 10 18 20
8 9 11 14 23
8 9 11 24 25
8 9 12 14 16
8 9 12 14 19
8 9 12 14 21
8 9 12 14 22
8 9 12 14 23
8 9 12 15 21
8 9 12 15 22
8 9 12 15 23
8 9 12 16 21
8 9 12 17 20
8 9 13 14 24
8 9 14 15 18
8 9 14 15 23
8 9 14 15 25
8 10 12 15 22
8 11 12 15 19
8 11 12 15 23
8 11 12 15 24
8 11 13 15 17
8 12 13 15 23
8 12 14 15 23
8 12 15 19 22
8 12 17 21 25
8 12 17 22 25
8 12 21 24 25
8 14 15 21 25
8 14 15 23 25
8 14 16 19 21
8 15 17 24 25
8 16 18 19 23
8 16 18 19 24
8 16 18 20 23
8 16 18 20 25
8 16 18 22 25
8 16 19 20 22
8 16 19 23 25
8 16 20 21 24
8 16 20 22 23
8 16 20 22 24
8 16 20 23 24
8 16 20 23 25
8 16 21 22 25
8 16 21 24 25
8 16 22 23 25
8 17 18 19 22
8 17 18 19 24
8 17 18 20 21
8 17 18 20 22
8 17 18 22 23
8 17 18 22 24
8 17 18 22 25
8 17 19 20 22
8 17 19 20 23
8 17 19 20 24
8 17 19 20 25
8 17 19 21 25
8 17 19 24 25
8 17 20 21 23
8 17 20 21 25
8 17 20 22 23
8 17 20 22 24
8 17 21 24 25
8 17 22 23 25
8 18 19 20 21
8 18 19 20 24
8 18 19 22 24
8 18 19 23 24
8 18 20 21 25
8 18 21 22 23
8 18 21 24 25
8 18 22 23 25
8 19 20 21 22
8 19 20 21 23
8 19 20 23 24
8 19 21 22 23
8 19 21 24 25
8 20 21 22 23
8 20 22 23 25
8 20 23 24 25
8 21 22 24 25
9 10 12 13 16
9 10 12 16 25
9 10 14 16 17
9 10 14 16 23
9 11 12 13 16
10 11 16 18 20
10 11 16 18 21
10 11 16 19 20
10 11 16 21 23
10 11 17 20 24
10 11 18 22 23
10 11 19 21 25
10 11 19 22 23
10 11 20 21 23
10 12 13 14 15
10 12 13 15 18
10 12 13 17 22
10 12 13 18 23
10 12 13 19 21
10 12 13 21 23
10 12 14 16 21
10 12 14 18 21
10 12 14 18 23
10 12 14 18 24
10 12 14 20 23
10 12 15 16 19
10 12 15 18 24
10 12 15 21 25
10 12 16 20 25
10 12 16 21 22
10 12 17 18 25
10 12 17 21 24
10 12 18 19 22
10 12 18 22 24
10 12 19 20 22
10 12 19 22 25
10 12 19 24 25
10 12 20 22 24
10 12 21 22 23
10 12 22 23 24
10 12 22 24 25
10 13 14 15 25
10 13 14 16 20
10 13 14 16 23
10 13 14 18 25
10 13 14 20 21
10 13 15 16 21
10 13 15 17 23
10 13 16 17 19
10 13 16 17 21
10 13 16 18 22
10 13 16 18 25
10 13 16 19 21
10 13 16 19 22
10 13 16 20 23
10 13 16 21 23
10 13 16 23 25
10 13 16 24 25
10 13 17 19 20
10 13 17 19 21
10 13 17 22 23
10 13 17 22 24
10 13 18 19 24
10 13 18 20 21
10 13 18 20 23
10 13 18 21 25
10 13 19 20 22
10 13 19 21 24
10 13 20 21 23
10 13 21 23 25
10 13 21 24 25
10 14 15 16 17
10 14 15 17 25
10 14 16 17 18
10 14 16 17 19
10 14 16 18 19
10 14 16 18 24
10 14 16 19 20
10 14 16 23 24
10 14 17 21 22
10 14 18 19 25
10 14 18 23 24
10 14 19 20 24
10 14 19 21 24
10 14 19 21 25
10 14 20 23 25
10 14 21 23 24
10 15 16 17 22
10 15 16 18 25
10 15 16 19 20
10 15 16 20 24
10 15 16 20 25
10 15 16 21 25
10 15 17 19 21
10 15 17 22 23
10 15 18 19 25
10 15 18 20 21
10 15 18 22 23
10 15 19 20 23
10 15 19 21 25
10 15 19 23 24
10 15 19 24 25
10 15 20 23 25
10 15 22 24 25
10 16 17 18 19
10 16 17 18 21
10 16 17 18 24
10 16 17 19 21
10 16 17 21 25
10 16 17 23 24
10 16 18 19 20
10 16 18 19 21
10 16 18 19 22
10 16 18 19 25
10 16 18 21 24
10 16 18 21 25
10 16 19 20 22
10 16 19 21 23
10 16 19 24 25
10 16 20 21 23
10 16 20 22 24
10 16 20 23 24
10 16 20 24 25
10 16 21 22 24
10 16 22 23 25
10 16 23 24 25
10 17 18 21 22
10 17 18 21 24
10 17 18 22 23
10 17 18 22 24
10 17 19 22 25
10 17 19 23 24
10 17 19 23 25
10 17 19 24 25
10 17 21 23 24
10 17 22 23 25
10 18 19 21 22
10 18 19 21 25
10 18 20 21 22
10 18 20 21 24
10 18 20 22 25
10 19 22 23 24
10 19 23 24 25
10 22 23 24 25
11 12 13 22 25
11 12 14 16 19
11 12 14 16 22
11 12 14 16 23
11 12 14 17 19
11 12 14 19 25
11 12 15 23 25
11 12 16 18 22
11 12 16 20 21
11 12 16 20 22
11 12 16 22 23
11 12 18 20 24
11 12 18 21 24
11 12 20 21 24
11 13 14 17 22
11 13 14 18 20
11 13 14 18 22
11 13 14 20 23
11 13 14 20 25
11 13 14 21 23
11 13 14 22 24
11 13 14 23 24
11 13 15 16 17
11 13 15 16 21
11 13 15 17 21
11 13 15 19 21
11 13 16 17 23
11 13 16 18 23
11 13 16 19 24
11 13 16 22 24
11 13 18 19 21
11 13 18 19 25
11 13 18 20 22
11 13 18 20 25
11 13 18 22 23
11 13 18 23 25
11 13 19 20 22
11 13 20 23 24
11 13 21 22 24
11 14 15 16 23
11 14 15 18 23
11 14 15 23 24
11 14 16 18 23
11 14 16 19 23
11 14 16 19 24
11 14 16 20 21
11 14 16 22 24
11 14 16 23 24
11 14 22 24 25
11 15 16 19 22
11 15 16 21 24
11 15 17 21 22
11 15 17 21 24
11 15 18 20 22
11 15 18 20 25
11 15 19 20 25
11 15 19 21 25
11 15 19 23 24
11 15 20 23 25
11 15 21 22 23
11 16 17 18 20
11 16 17 18 22
11 16 17 19 23
11 16 17 23 24
11 16 18 19 22
11 16 18 19 25
11 16 18 20 22
11 16 18 22 23
11 16 19 20 22
11 16 19 21 22
11 16 19 23 24
11 16 20 21 22
11 16 20 21 24
11 16 20 22 24
11 16 20 23 25
11 16 21 22 25
11 16 22 23 24
11 17 18 19 24
11 17 18 19 25
11 17 18 23 24
11 17 19 20 24
11 17 20 21 24
11 17 20 22 23
11 17 20 24 25
11 18 20 23 24
11 18 21 22 25
11 20 21 22 24
11 20 21 24 25
11 22 23 24 25
12 13 14 15 21
12 13 14 17 23
12 13 14 18 19
12 13 15 16 23
12 13 15 19 20
12 13 15 23 25
12 13 16 18 25
12 13 16 22 25
12 13 17 18 23
12 13 17 19 23
12 13 17 19 25
12 13 17 20 21
12 13 17 20 25
12 13 17 23 24
12 13 18 23 24
12 13 19 20 22
12 13 19 20 23
12 13 19 22 25
12 13 23 24 25
12 14 16 18 23
12 14 16 19 23
12 14 16 20 22
12 14 16 22 24
12 14 16 22 25
12 14 17 22 25
12 14 18 19 21
12 14 18 21 23
12 14 19 20 21
12 14 19 23 25
12 14 20 23 25
12 15 16 18 25
12 15 16 19 20
12 15 16 19 24
12 15 16 20 24
12 15 16 20 25
12 15 17 18 19
12 15 17 20 24
12 15 17 21 22
12 15 17 21 23
12 15 17 21 24
12 15 17 22 24
12 15 18 19 22
12 15 18 19 23
12 15 18 22 24
12 15 19 21 24
12 15 19 21 25
12 15 19 23 24
12 15 19 24 25
12 15 20 21 22
12 15 21 23 24
12 16 17 19 20
12 16 17 22 23
12 16 17 22 24
12 16 18 19 23
12 16 18 20 21
12 16 18 20 23
12 16 18 21 24
12 16 18 22 24
12 16 18 23 24
12 16 19 20 23
12 16 19 22 24
12 16 19 22 25
12 16 19 23 24
12 16 20 21 23
12 16 20 23 24
12 16 21 23 24
12 16 21 24 25
12 16 22 23 24
12 17 18 19 23
12 17 18 19 24
12 17 18 20 23
12 17 18 24 25
12 18 19 20 22
12 18 19 23 25
12 18 20 21 24
12 18 20 21 25
12 18 20 22 23
12 18 20 22 24
12 18 20 23 24
12 18 20 23 25
12 18 20 24 25
12 19 20 21 25
12 19 21 22 25
12 19 21 23 24
12 19 22 23 24
12 20 22 23 24
13 14 15 16 25
13 14 15 18 21
13 14 15 19 20
13 14 16 17 21
13 14 16 17 23
13 14 16 18 22
13 14 16 19 21
13 14 17 21 22
13 14 18 19 20
13 14 18 21 24
13 14 18 22 23
13 14 18 24 25
13 14 19 24 25
13 14 20 21 23
13 15 16 17 21
13 15 16 19 23
13 15 16 20 25
13 15 16 21 22
13 15 16 22 23
13 15 16 22 24
13 15 16 23 25
13 15 17 18 19
13 15 17 21 22
13 15 17 23 24
13 15 18 19 20
13 15 18 19 24
13 15 18 20 24
13 15 19 21 22
13 15 19 22 23
13 15 20 23 25
13 15 22 24 25
13 16 17 18 19
13 16 17 18 22
13 16 17 21 25
13 16 17 22 23
13 16 18 19 22
13 16 18 19 25
13 16 18 20 25
13 16 18 22 24
13 16 18 23 24
13 16 19 21 23
13 16 19 22 23
13 16 19 22 25
13 16 20 21 23
13 16 20 23 24
13 16 21 22 25
13 16 21 23 24
13 16 21 24 25
13 16 22 23 24
13 16 22 23 25
13 17 18 19 22
13 17 18 20 21
13 17 18 20 23
13 17 18 21 25
13 17 18 22 23
13 17 18 23 25
13 17 19 21 23
13 19 20 22 24
13 19 21 22 23
14 15 16 17 19
14 15 16 20 22
14 15 16 20 24
14 15 16 22 24
14 15 17 20 21
14 15 17 20 24
14 15 18 21 25
14 15 22 24 25
14 16 17 19 21
14 16 17 20 22
14 16 17 20 24
14 16 17 22 23
14 16 17 22 24
14 16 17 23 25
14 16 18 19 21
14 16 18 19 24
14 16 18 20 25
14 16 18 21 22
14 16 18 21 23
14 16 18 21 24
14 16 18 22 24
14 16 18 23 24
14 16 19 20 22
14 16 19 20 23
14 16 19 21 24
14 16 20 22 25
14 16 20 23 24
14 16 21 24 25
14 17 18 19 22
14 17 18 20 24
14 17 18 21 22
14 17 18 21 23
14 17 18 24 25
14 17 19 23 24
14 17 20 21 22
14 17 20 21 24
14 17 20 22 25
14 17 21 22 25
14 18 19 23 24
14 18 20 21 23
14 18 20 22 24
14 18 22 23 25
15 16 17 18 23
15 16 17 20 24
15 16 17 21 25
15 16 17 22 24
15 16 18 19 20
15 16 18 19 21
15 16 18 20 21
15 16 18 21 22
15 16 18 21 23
15 16 18 21 24
15 16 18 22 24
15 16 18 23 24
15 16 19 20 21
15 16 19 20 25
15 16 19 22 23
15 16 19 23 24
15 16 19 23 25
15 16 20 21 23
15 16 20 21 24
15 16 21 23 24
15 16 22 23 24
15 17 18 19 23
15 17 19 20 22
15 17 19 21 23
15 17 21 22 23
15 17 22 23 24
15 17 22 24 25
15 18 19 20 21
15 18 19 22 23
15 18 20 21 23
15 18 21 23 24
16 17 18 19 21
16 17 18 19 22
16 17 18 20 22
16 17 18 22 23
16 17 18 23 25
16 17 19 20 22
16 17 19 20 23
16 17 19 20 25
16 17 19 21 22
16 17 19 22 25
16 17 20 21 22
16 17 20 21 25
16 17 21 22 25
16 17 21 24 25
16 18 19 20 21
16 18 19 20 23
16 18 19 20 25
16 18 19 21 22
16 18 19 22 23
16 18 20 21 22
16 18 20 21 25
16 18 20 22 23
16 18 20 22 24
16 18 22 24 25
16 18 23 24 25
16 19 20 21 24
16 19 20 22 23
16 19 20 22 24
16 19 20 22 25
16 19 23 24 25
16 20 21 22 23
16 20 21 22 25
17 18 19 20 24
17 18 19 23 24
17 18 21 22 23
17 18 22 24 25
17 20 22 23 25
17 21 22 24 25
18 20 23 24 25
19 20 22 23 25
19 21 22 24 25
21 22 23 24 25
