0 1 2 3
0 1 6 7
0 1 8 9
0 1 10 11
0 1 12 13
0 1 14 15
0 1 16 17
0 1 18 19
0 1 20 21
0 1 22 23
0 1 24 25
0 1 26 27
0 2 4 6
0 2 8 10
0 2 9 11
0 2 12 14
0 2 13 15
0 2 16 18
0 2 17 19
0 2 20 22
0 2 21 23
0 2 24 26
0 2 25 27
0 3 4 7
0 3 5 6
0 3 8 11
0 3 9 10
0 3 12 15
0 3 13 14
0 3 16 19
0 3 17 18
0 3 20 23
0 3 21 22
0 3 24 27
0 3 25 26
0 4 8 12
0 4 9 13
0 4 11 15
0 4 16 20
0 4 17 21
0 4 18 22
0 4 19 23
0 5 8 13
0 5 9 12
0 5 11 14
0 5 16 21
0 5 17 20
0 6 19 21
0 8 17 25
0 9 17 24
0 10 16 26
0 10 17 27
0 10 18 24
0 10 19 25
0 11 16 27
0 11 17 26
0 11 18 25
0 11 19 24
0 12 20 24
0 12 21 25
0 12 22 26
0 12 23 27
0 13 20 25
0 13 21 24
0 13 22 27
0 13 23 26
0 14 20 26
0 14 21 27
0 14 22 24
0 14 23 25
0 15 20 27
0 15 21 26
0 15 22 25
0 15 23 24
1 2 4 7
1 2 5 6
1 2 8 11
1 2 9 10
1 2 12 15
1 2 13 14
1 2 16 19
1 2 17 18
1 2 20 23
1 2 21 22
1 2 24 27
1 2 25 26
1 3 4 6
1 3 5 7
1 3 8 10
1 3 9 11
1 3 12 14
1 3 13 15
1 3 16 18
1 3 17 19
1 3 20 22
1 3 21 23
1 3 24 26
1 3 25 27
1 4 8 13
1 4 9 12
1 4 10 15
1 4 17 20
1 4 18 23
1 4 19 22
1 5 8 12
1 5 9 13
1 5 10 14
1 5 11 15
1 5 16 20
1 5 17 21
1 8 17 24
1 10 16 27
1 10 17 26
1 10 18 25
1 10 19 24
1 11 16 26
1 11 17 27
1 11 18 24
1 11 19 25
1 12 20 25
1 12 21 24
1 12 22 27
1 12 23 26
1 13 20 24
1 13 21 25
1 13 22 26
1 13 23 27
1 14 20 27
1 14 21 26
1 14 22 25
1 14 23 24
1 15 20 26
1 15 21 27
1 15 22 24
1 15 23 25
2 3 4 5
2 3 6 7
2 3 8 9
2 3 10 11
2 3 12 13
2 3 14 15
2 3 16 17
2 3 18 19
2 3 20 21
2 3 22 23
2 3 24 25
2 3 26 27
2 4 8 14
2 4 9 15
2 4 10 12
2 4 11 13
2 4 16 22
2 4 17 23
2 4 18 20
2 4 19 21
2 5 8 15
2 5 9 14
2 5 10 13
2 5 11 12
2 5 17 22
2 5 19 20
2 6 10 14
2 6 11 15
2 6 16 20
2 6 17 21
2 6 19 23
2 7 10 15
2 7 11 14
2 7 17 20
2 7 18 23
2 7 19 22
2 8 19 25
2 9 17 26
2 9 18 25
2 10 16 24
2 10 17 25
2 10 18 26
2 11 17 24
2 11 18 27
2 11 19 26
2 12 21 27
2 12 22 24
2 14 20 24
2 15 21 24
3 4 8 15
3 4 9 14
3 4 10 13
3 4 11 12
3 4 17 22
3 4 18 21
3 4 19 20
3 5 8 14
3 5 9 15
3 6 8 13
3 6 10 15
3 6 11 14
3 6 16 21
3 6 17 20
3 6 18 23
3 6 19 22
3 7 8 12
3 7 9 13
3 7 10 14
3 7 16 20
3 7 17 21
3 7 18 22
3 7 19 23
3 9 16 26
3 9 17 27
3 9 18 24
3 9 19 25
3 10 19 26
3 11 16 24
3 11 19 27
3 12 20 27
3 12 22 25
3 13 21 27
3 13 22 24
3 13 23 25
3 14 23 26
4 5 6 7
4 5 8 9
4 5 10 11
4 5 12 13
4 5 16 17
4 5 18 19
4 5 20 21
4 5 22 23
4 5 26 27
4 6 8 10
4 6 9 11
4 6 13 15
4 6 16 18
4 6 20 22
4 6 21 23
4 6 24 26
4 6 25 27
4 7 8 11
4 7 9 10
4 7 12 15
4 7 13 14
4 7 16 19
4 7 17 18
4 7 20 23
4 7 24 27
4 7 25 26
4 8 20 24
4 8 21 25
4 8 22 26
4 9 20 25
4 9 21 24
4 9 22 27
4 9 23 26
4 11 22 25
4 12 17 25
4 12 19 27
4 14 17 27
4 14 18 24
4 14 19 25
4 15 17 26
5 6 9 10
5 6 12 15
5 6 16 19
5 6 17 18
5 6 20 23
5 6 21 22
5 6 24 27
5 6 25 26
5 7 8 10
5 7 9 11
5 7 12 14
5 7 13 15
5 7 16 18
5 7 24 26
5 7 25 27
5 8 20 25
5 8 22 27
5 8 23 26
5 9 20 24
5 9 21 25
5 9 22 26
5 9 23 27
5 10 20 27
5 10 21 26
5 10 22 25
5 10 23 24
5 11 20 26
5 11 21 27
5 11 23 25
5 12 17 24
5 12 18 27
5 13 16 24
5 13 17 25
5 13 18 26
5 13 19 27
5 14 16 27
5 14 17 26
5 14 18 25
5 15 16 26
5 15 17 27
5 15 19 25
6 7 8 9
6 7 10 11
6 7 12 13
6 7 14 15
6 7 16 17
6 7 18 19
6 7 20 21
6 7 22 23
6 7 26 27
6 8 20 26
6 8 21 27
6 8 22 24
6 8 23 25
6 9 20 27
6 9 21 26
6 9 22 25
6 9 23 24
6 10 21 25
6 10 22 26
6 10 23 27
6 11 20 25
6 11 21 24
6 11 22 27
6 11 23 26
6 12 16 26
6 12 17 27
6 12 18 24
6 12 19 25
6 13 16 27
6 13 17 26
6 13 18 25
6 13 19 24
6 14 18 26
6 15 16 25
6 15 17 24
6 15 18 27
6 15 19 26
7 8 20 27
7 8 21 26
7 8 22 25
7 8 23 24
7 9 20 26
7 9 21 27
7 9 22 24
7 9 23 25
7 10 20 25
7 10 21 24
7 10 22 27
7 10 23 26
7 11 20 24
7 11 22 26
7 11 23 27
7 12 16 27
7 12 17 26
7 12 18 25
7 12 19 24
7 13 16 26
7 13 18 24
7 13 19 25
7 14 16 25
7 14 17 24
7 14 18 27
7 14 19 26
7 15 16 24
7 15 17 25
7 15 18 26
7 15 19 27
8 9 10 11
8 9 14 15
8 9 16 17
8 9 18 19
8 9 22 23
8 9 24 25
8 9 26 27
8 10 12 14
8 10 16 18
8 10 17 19
8 10 20 22
8 10 21 23
8 10 24 26
8 10 25 27
8 11 12 15
8 11 16 19
8 11 17 18
8 11 20 23
8 11 21 22
8 11 24 27
8 11 25 26
8 12 16 20
8 12 17 21
8 12 18 22
8 12 19 23
8 13 16 21
8 13 18 23
8 13 19 22
8 14 16 22
8 14 17 23
8 14 18 20
8 14 19 21
8 15 16 23
8 15 17 22
8 15 18 21
9 10 16 19
9 10 17 18
9 10 20 23
9 10 21 22
9 10 24 27
9 10 25 26
9 11 16 18
9 11 17 19
9 11 21 23
9 11 24 26
9 11 25 27
9 12 16 21
9 12 18 23
9 12 19 22
9 13 17 21
9 13 18 22
9 13 19 23
9 14 16 23
9 14 19 20
9 15 16 22
9 15 17 23
9 15 19 21
10 11 22 23
10 11 24 25
10 12 17 23
10 12 18 20
10 13 16 23
10 13 18 21
10 13 19 20
10 14 16 20
10 14 17 21
10 14 18 22
10 14 19 23
10 15 16 21
10 15 17 20
10 15 18 23
10 15 19 22
11 12 16 23
11 12 18 21
11 12 19 20
11 13 16 22
11 13 17 23
11 13 18 20
11 13 19 21
11 14 16 21
11 14 17 20
11 14 18 23
11 14 19 22
11 15 16 20
11 15 17 21
11 15 18 22
11 15 19 23
12 13 16 17
12 13 18 19
12 13 20 21
12 13 22 23
12 13 24 25
12 13 26 27
12 14 16 18
12 14 17 19
12 14 20 22
12 14 21 23
12 14 24 26
12 14 25 27
12 15 16 19
12 15 20 23
12 15 24 27
12 15 25 26
13 14 16 19
13 14 17 18
13 14 20 23
13 14 21 22
13 14 24 27
13 14 25 26
13 15 16 18
13 15 17 19
13 15 20 22
13 15 21 23
13 15 24 26
13 15 25 27
14 15 16 17
14 15 18 19
14 15 20 21
14 15 22 23
14 15 24 25
16 17 18 19
16 17 20 21
16 17 22 23
16 17 24 25
16 18 20 22
16 18 21 23
16 18 24 26
16 18 25 27
16 19 20 23
16 19 21 22
16 19 24 27
16 19 25 26
17 18 21 22
17 18 24 27
17 18 25 26
18 19 20 21
18 19 22 23
18 19 26 27
20 21 24 25
20 21 26 27
20 22 24 26
20 22 25 27
21 22 24 27
24 25 26 27
