0 1 2
0 1 9
0 1 14
0 2 15
0 3 4
0 3 5
0 3 6
0 3 7
0 3 9
0 3 10
0 3 12
0 3 16
0 3 17
0 3 18
0 3 19
0 3 20
0 3 21
0 3 22
0 3 23
0 3 24
0 3 25
0 3 26
0 3 27
0 4 5
0 4 6
0 4 8
0 4 9
0 4 10
0 4 11
0 4 12
0 4 13
0 4 14
0 4 15
0 6 11
0 6 12
0 6 13
0 6 14
0 6 15
0 6 16
0 6 17
0 6 18
0 6 19
0 6 20
0 6 21
0 6 22
0 6 23
0 6 24
0 6 25
0 6 26
0 6 27
0 7 10
0 7 11
0 7 12
0 7 13
0 7 15
0 7 16
0 7 17
0 7 18
0 7 19
0 7 20
0 7 21
0 7 22
0 7 23
0 7 25
0 7 26
0 7 27
0 8 9
0 8 10
0 8 11
0 8 12
0 8 13
0 8 14
0 8 25
0 9 14
0 9 15
0 9 16
0 9 17
0 9 18
0 9 19
0 9 20
0 9 21
0 9 22
0 9 23
0 9 24
0 9 25
0 9 26
0 9 27
0 10 11
0 11 15
0 12 19
0 14 15
0 15 22
0 16 20
0 18 25
0 21 27
0 22 23
0 22 24
0 22 25
0 22 26
0 22 27
0 23 24
0 23 25
0 23 26
0 23 27
0 24 25
0 24 26
0 24 27
0 25 26
0 25 27
0 26 27
1 2 3
1 2 4
1 2 5
1 2 6
1 2 7
1 2 8
1 2 10
1 2 12
1 2 13
1 2 14
1 2 15
1 2 16
1 2 17
1 2 18
1 2 19
1 2 21
1 2 23
1 2 26
1 4 24
1 4 25
1 4 26
1 4 27
1 5 6
1 5 7
1 5 8
1 5 9
1 5 10
1 5 12
1 5 13
1 5 14
1 5 15
1 5 16
1 5 17
1 5 18
1 5 21
1 5 22
1 5 23
1 5 24
1 5 25
1 5 26
1 5 27
1 6 7
1 6 9
1 6 10
1 6 12
1 6 13
1 6 14
1 6 15
1 6 16
1 6 17
1 6 18
1 6 19
1 6 20
1 6 21
1 6 22
1 6 23
1 6 24
1 6 25
1 6 26
1 6 27
1 7 8
1 7 9
1 7 10
1 7 12
1 8 27
1 10 12
1 10 13
1 10 14
1 10 15
1 10 16
1 10 17
1 10 18
1 10 19
1 10 20
1 10 21
1 10 22
1 10 23
1 10 24
1 10 25
1 10 26
1 10 27
1 11 19
1 11 20
1 11 21
1 11 22
1 11 23
1 11 24
1 11 25
1 11 26
1 11 27
1 12 14
1 12 15
1 12 16
1 12 17
1 12 18
1 12 19
1 14 18
1 14 19
1 14 20
1 14 21
1 14 24
1 14 25
1 15 27
1 16 18
1 17 26
1 18 23
1 26 27
2 4 6
2 4 9
2 4 10
2 4 11
2 4 12
2 4 13
2 4 14
2 4 15
2 4 16
2 4 17
2 4 18
2 4 19
2 4 20
2 4 21
2 4 22
2 4 23
2 4 24
2 4 25
2 5 6
2 5 7
2 5 8
2 5 9
2 5 10
2 5 11
2 5 12
2 5 13
2 5 14
2 5 15
2 5 16
2 5 17
2 5 18
2 5 19
2 5 20
2 5 21
2 5 22
2 5 23
2 5 24
2 5 25
2 5 26
2 5 27
2 6 7
2 6 8
2 6 9
2 6 10
2 6 11
2 6 12
2 6 13
2 6 14
2 6 15
2 6 16
2 6 17
2 6 18
2 6 19
2 6 20
2 6 21
2 6 22
2 6 23
2 6 24
2 6 25
2 6 26
2 6 27
2 7 8
2 7 9
2 7 10
2 7 11
2 7 12
2 7 14
2 7 15
2 7 17
2 7 19
2 7 20
2 7 21
2 7 22
2 7 24
2 7 25
2 7 26
2 7 27
2 8 12
2 8 14
2 8 15
2 13 15
2 14 21
2 15 16
2 15 27
2 16 21
2 16 27
2 17 18
2 17 19
2 17 26
2 21 27
3 4 5
3 4 6
3 4 7
3 4 8
3 4 9
3 4 10
3 4 12
3 4 13
3 4 14
3 4 15
3 4 16
3 4 17
3 4 18
3 4 19
3 4 20
3 4 21
3 4 22
3 4 24
3 4 25
3 4 26
3 4 27
3 5 6
3 5 7
3 5 9
3 5 12
3 5 13
3 5 14
3 5 15
3 5 16
3 5 17
3 5 18
3 5 19
3 5 20
3 5 21
3 5 22
3 5 23
3 5 25
3 5 26
3 5 27
3 6 7
3 6 8
3 6 9
3 15 21
3 15 22
3 15 23
3 15 24
3 15 25
3 15 26
3 16 18
3 16 19
3 16 20
3 16 21
3 18 27
3 19 20
3 19 21
3 19 22
3 19 23
3 19 24
3 19 25
3 19 26
3 19 27
3 20 21
3 20 22
3 20 23
3 20 24
3 20 25
3 20 26
3 20 27
3 21 22
3 21 23
3 21 24
3 21 25
3 21 26
3 21 27
3 22 23
3 22 24
3 22 25
3 22 26
3 22 27
3 23 24
3 23 25
3 23 26
3 23 27
3 24 25
3 24 26
3 24 27
3 25 26
3 25 27
3 26 27
4 6 11
4 10 16
4 10 17
4 10 18
4 10 19
4 10 20
4 10 25
4 10 27
4 12 15
4 12 20
4 12 22
4 12 23
4 12 24
4 12 25
4 12 26
4 12 27
4 13 14
4 13 15
4 13 16
4 13 17
4 13 18
4 13 19
4 13 20
4 13 22
4 13 23
4 13 24
4 13 25
4 13 26
4 13 27
4 14 15
4 14 16
4 14 17
4 14 18
4 14 19
4 14 20
4 14 21
4 14 22
4 14 23
4 14 24
4 14 25
4 14 26
4 14 27
4 15 16
4 15 17
4 15 18
4 15 19
4 15 20
4 15 21
4 15 23
4 16 17
4 16 20
4 17 25
4 18 21
4 24 25
5 11 15
5 11 17
5 11 27
5 12 13
5 12 14
5 12 15
5 12 17
5 12 18
5 12 19
5 12 20
5 12 21
5 12 22
5 12 27
5 13 27
5 14 24
5 15 19
5 15 20
5 15 21
5 15 22
5 15 23
5 15 24
5 15 25
5 15 26
5 17 24
5 19 20
5 20 25
5 21 22
5 21 23
5 21 24
5 21 25
5 21 26
5 21 27
5 22 23
5 22 24
5 22 25
5 22 26
5 22 27
5 23 24
5 23 25
5 23 26
5 23 27
5 24 25
5 24 27
5 25 26
5 25 27
5 26 27
6 7 15
6 8 15
6 11 15
6 12 15
6 13 14
6 13 16
6 13 17
6 13 18
6 13 19
6 13 20
6 13 21
6 13 22
6 13 23
6 13 24
6 13 25
6 13 26
6 13 27
6 14 15
6 15 17
6 15 21
6 15 22
6 15 23
6 15 24
6 15 25
6 15 26
6 15 27
6 17 18
6 17 19
6 17 20
6 17 21
6 17 22
6 17 23
6 17 24
6 17 25
6 17 26
6 18 26
6 19 21
6 19 26
6 23 26
6 25 26
7 9 18
7 9 19
7 9 20
7 9 21
7 9 22
7 9 23
7 10 15
7 11 17
7 12 17
7 13 18
7 13 23
7 14 18
7 15 18
7 15 23
7 15 26
7 16 17
7 16 18
7 16 19
7 16 20
7 16 21
7 16 22
7 16 23
7 16 24
7 16 25
7 16 26
7 16 27
7 17 18
7 17 19
7 17 20
7 17 21
7 17 22
7 17 23
7 17 24
7 17 25
7 17 27
7 18 19
7 18 20
7 18 21
7 18 25
7 18 26
7 19 20
7 19 23
7 19 24
7 19 25
7 19 26
7 19 27
7 20 21
7 20 22
7 20 26
7 20 27
7 21 26
7 21 27
7 22 23
7 22 24
7 22 25
7 22 26
7 22 27
7 23 25
7 23 26
7 24 26
7 24 27
7 25 26
7 26 27
8 9 11
8 9 13
8 9 14
8 9 15
8 9 16
8 9 17
8 9 18
8 9 19
8 9 21
8 9 22
8 9 25
8 9 26
8 9 27
8 10 16
8 10 18
8 10 19
8 10 20
8 10 21
8 10 22
8 10 24
8 10 26
8 10 27
8 11 17
8 11 27
8 12 18
8 13 15
8 13 18
8 13 23
8 13 26
8 13 27
8 14 15
8 14 16
8 14 17
8 14 18
8 14 19
8 14 21
8 14 22
8 14 24
8 15 16
8 15 17
8 15 22
8 16 17
8 16 18
8 16 20
8 16 21
8 16 22
8 16 23
8 16 24
8 16 26
8 16 27
8 17 18
8 17 19
8 17 20
8 17 21
8 17 22
8 17 23
8 17 27
8 18 19
8 18 21
8 18 24
8 18 26
8 18 27
8 19 20
8 19 21
8 19 22
8 19 24
8 19 25
8 19 26
8 19 27
8 20 21
8 20 22
8 20 23
8 20 24
8 20 25
8 20 26
8 20 27
8 21 22
8 21 23
8 21 26
8 22 23
8 22 26
8 23 24
8 23 25
8 23 26
8 23 27
8 24 26
8 25 26
8 26 27
9 10 12
9 10 16
9 10 17
9 10 18
9 10 19
9 10 20
9 10 21
9 10 23
9 10 24
9 10 25
9 10 26
9 10 27
9 11 17
9 11 18
9 12 16
9 12 17
9 12 18
9 12 19
9 12 20
9 12 21
9 12 22
9 12 23
9 12 24
9 12 25
9 12 26
9 12 27
9 13 18
9 15 17
9 15 18
9 16 17
9 16 18
9 16 19
9 16 27
9 17 18
9 17 26
9 17 27
9 18 19
9 18 20
9 18 21
9 18 22
9 18 23
9 18 24
9 18 25
9 18 27
9 19 27
9 20 21
9 20 23
9 20 24
9 20 25
9 20 26
9 21 22
9 21 23
9 21 24
9 21 25
9 21 26
9 22 24
9 22 26
9 23 24
9 23 25
9 23 26
9 24 25
9 25 26
10 11 17
10 12 17
10 12 26
10 13 16
10 13 18
10 13 19
10 13 20
10 13 24
10 13 25
10 13 26
10 13 27
10 14 15
10 14 16
10 14 17
10 15 22
10 16 17
10 16 18
10 16 19
10 16 20
10 16 21
10 16 22
10 16 23
10 16 24
10 16 25
10 16 26
10 16 27
10 17 20
10 17 22
10 17 26
10 17 27
10 18 19
10 18 20
10 18 21
10 18 22
10 19 20
10 19 22
10 19 23
10 19 24
10 20 23
10 20 24
10 20 27
10 21 22
10 22 23
10 22 24
10 22 25
10 22 26
10 23 24
10 23 25
10 23 26
10 23 27
11 12 27
11 13 19
11 13 24
11 13 25
11 14 16
11 14 17
11 14 18
11 14 19
11 14 20
11 14 21
11 14 22
11 14 23
11 14 24
11 14 25
11 14 26
11 14 27
11 15 16
11 15 17
11 15 18
11 15 19
11 15 20
11 15 21
11 15 22
11 15 23
11 15 24
11 16 19
11 16 20
11 16 21
11 16 22
11 16 23
11 16 24
11 16 25
11 16 26
11 16 27
11 17 19
11 17 22
11 17 23
11 17 24
11 17 27
11 18 19
11 18 22
11 18 24
11 18 27
11 19 20
11 19 21
11 19 22
11 19 23
11 19 24
11 19 25
11 19 26
11 19 27
11 20 21
11 20 22
11 20 23
11 20 24
11 20 25
11 20 26
11 20 27
11 21 22
11 21 23
11 21 24
11 21 25
11 21 26
11 21 27
11 22 23
11 22 24
11 22 25
11 22 26
11 22 27
11 23 24
11 23 25
11 23 26
11 23 27
11 24 25
11 24 26
11 24 27
11 25 26
11 25 27
11 26 27
12 13 15
12 13 16
12 13 17
12 13 18
12 13 21
12 13 22
12 13 23
12 13 24
12 13 25
12 13 26
12 15 18
12 15 20
12 15 21
12 16 18
12 16 27
12 17 19
12 17 20
12 17 25
12 17 26
12 17 27
12 18 19
12 18 23
12 18 24
12 18 25
12 19 22
12 19 23
12 19 24
12 19 25
12 20 23
12 20 24
12 20 25
12 20 27
12 21 22
12 21 23
12 21 24
12 21 25
12 21 26
12 21 27
12 22 23
12 22 24
12 22 25
12 23 24
12 23 25
12 24 25
12 24 26
12 24 27
12 25 26
12 25 27
12 26 27
13 14 24
13 15 20
13 15 24
13 15 26
13 16 17
13 16 18
13 16 19
13 16 20
13 16 21
13 16 22
13 16 24
13 16 26
13 16 27
13 17 19
13 17 20
13 17 21
13 17 22
13 17 23
13 17 24
13 18 19
13 18 20
13 18 21
13 18 22
13 18 23
13 18 24
13 18 25
13 18 26
13 18 27
13 19 20
13 19 21
13 19 22
13 20 21
13 20 22
13 20 23
13 20 24
13 24 25
13 25 26
13 25 27
14 15 16
14 15 17
14 15 18
14 15 19
14 15 20
14 15 21
14 15 22
14 15 23
14 15 24
14 15 25
14 15 26
14 16 17
14 16 18
14 16 19
14 16 20
14 16 21
14 16 22
14 16 23
14 16 24
14 16 25
14 17 25
14 17 27
14 18 22
14 18 23
14 18 24
14 18 25
14 18 26
14 18 27
14 19 21
14 19 22
14 19 23
14 19 24
14 19 25
14 19 26
14 19 27
14 20 21
14 20 22
14 20 23
14 20 24
14 20 25
14 21 27
15 17 23
15 18 19
15 21 22
15 21 23
15 21 27
15 23 26
16 17 20
16 18 21
16 21 24
16 23 25
17 18 19
17 18 20
17 21 27
17 22 24
17 24 25
18 20 27
19 20 25
20 22 25
