0 1 2 3 4 5 6 7
0 1 2 3 6 8 12 16
0 1 2 3 7 10 11 15
0 1 2 3 10 20 25 29
0 1 2 4 7 8 14 18
0 1 2 5 7 15 16 24
0 1 2 5 8 16 18 25
0 1 2 5 8 22 26 28
0 1 2 5 11 17 26 27
0 1 2 5 12 13 20 28
0 1 2 6 7 11 14 16
0 1 2 7 13 16 28 29
0 1 2 8 9 16 17 29
0 1 2 9 14 16 21 23
0 1 2 9 20 21 24 29
0 1 3 4 8 15 21 24
0 1 3 4 8 18 25 26
0 1 3 4 12 14 26 29
0 1 3 4 16 20 24 29
0 1 3 5 11 15 18 25
0 1 3 6 9 10 21 26
0 1 3 6 11 20 21 29
0 1 3 6 12 17 18 28
0 1 3 6 12 19 23 25
0 1 3 6 14 16 23 26
0 1 3 6 15 17 22 23
0 1 3 7 9 10 17 27
0 1 3 7 10 26 28 29
0 1 3 7 12 13 16 23
0 1 3 8 10 13 15 26
0 1 3 8 10 16 18 28
0 1 3 8 10 19 21 22
0 1 3 9 11 12 28 29
0 1 3 9 12 16 17 19
0 1 3 9 17 18 20 21
0 1 3 9 19 24 25 27
0 1 3 10 12 13 22 25
0 1 3 10 12 14 16 27
0 1 3 10 17 18 22 26
0 1 3 11 13 16 27 29
0 1 3 11 15 19 22 26
0 1 3 11 22 23 25 28
0 1 3 12 15 18 19 29
0 1 3 12 16 21 22 26
0 1 3 13 14 18 19 25
0 1 3 13 17 19 20 28
0 1 3 13 17 21 25 27
0 1 3 13 18 20 26 29
0 1 4 5 6 9 10 25
0 1 4 5 6 11 14 26
0 1 4 5 7 11 12 20
0 1 4 5 7 13 16 21
0 1 4 5 8 10 24 28
0 1 4 5 14 18 20 22
0 1 4 6 7 10 11 24
0 1 4 6 8 10 18 27
0 1 4 6 8 12 20 21
0 1 4 7 11 13 15 29
0 1 4 7 15 18 20 24
0 1 4 7 16 17 18 28
0 1 4 8 9 11 21 26
0 1 4 8 10 11 17 25
0 1 4 8 15 19 26 27
0 1 4 9 10 12 17 18
0 1 4 9 10 16 19 28
0 1 4 9 16 17 25 26
0 1 4 9 17 21 22 27
0 1 4 11 16 21 23 24
0 1 4 11 17 18 20 26
0 1 4 12 13 17 20 27
0 1 4 12 15 18 23 27
0 1 5 7 12 18 22 24
0 1 5 7 19 21 24 29
0 1 5 8 9 17 21 24
0 1 5 8 13 14 19 28
0 1 5 9 12 17 23 25
0 1 5 10 12 17 28 29
0 1 5 13 14 18 21 23
0 1 6 8 13 15 16 29
0 1 7 13 20 26 27 28
0 1 7 17 18 19 20 22
0 1 8 9 10 12 22 24
0 1 8 9 10 18 25 29
0 1 9 11 18 19 26 28
0 1 9 12 13 14 15 28
0 1 9 13 16 21 24 25
0 1 10 14 15 17 18 24
0 1 11 18 20 21 22 23
0 1 14 15 16 17 28 29
0 2 3 4 6 18 24 28
0 2 3 5 6 9 10 27
0 2 3 5 6 17 19 28
0 2 3 5 8 9 24 25
0 2 3 5 13 15 22 29
0 2 3 6 8 9 14 28
0 2 3 6 11 12 18 22
0 2 3 7 15 18 26 29
0 2 3 8 14 16 17 24
0 2 3 9 11 14 24 29
0 2 3 10 15 16 24 25
0 2 3 11 14 17 18 21
0 2 3 12 13 15 18 24
0 2 4 5 13 16 23 24
0 2 4 11 16 17 18 29
0 2 5 6 7 11 24 27
0 2 5 6 10 20 22 26
0 2 5 6 12 23 24 25
0 2 5 9 11 13 25 28
0 2 5 14 17 19 25 29
0 2 5 14 18 19 21 22
0 2 5 14 21 24 25 26
0 2 5 15 16 17 23 25
0 2 6 7 13 21 27 29
0 2 6 9 13 15 17 18
0 2 6 10 11 15 17 27
0 2 6 12 16 22 26 28
0 2 6 13 18 20 22 28
0 2 7 9 11 16 24 28
0 2 7 10 13 17 20 26
0 2 7 10 14 15 18 23
0 2 7 11 13 15 22 24
0 2 7 11 15 21 28 29
0 2 8 9 12 21 24 28
0 2 8 12 15 18 20 26
0 2 8 12 16 21 23 26
0 2 8 13 18 25 26 29
0 2 8 15 16 24 26 28
0 2 8 16 17 23 27 28
0 2 9 15 19 23 28 29
0 2 10 15 18 21 22 24
0 2 11 13 18 22 23 25
0 2 14 21 25 27 28 29
0 2 15 16 19 21 22 23
0 2 16 17 18 19 20 23
0 2 18 23 24 25 26 28
0 3 4 5 6 12 22 25
0 3 4 5 8 17 19 25
0 3 4 5 8 23 24 29
0 3 4 6 7 11 14 25
0 3 4 9 19 20 22 25
0 3 4 9 20 21 24 26
0 3 4 15 16 22 26 29
0 3 5 6 7 18 21 25
0 3 5 7 12 14 17 22
0 3 5 7 13 16 22 25
0 3 5 9 12 13 14 24
0 3 5 11 16 21 24 26
0 3 5 14 15 18 20 24
0 3 5 15 16 17 18 22
0 3 6 7 8 12 25 27
0 3 6 8 11 12 14 23
0 3 6 9 11 23 27 28
0 3 6 13 15 22 24 28
0 3 7 8 9 11 17 23
0 3 7 8 9 14 25 26
0 3 7 9 18 20 25 29
0 3 7 10 14 16 18 20
0 3 8 10 11 16 21 23
0 3 8 13 14 15 18 28
0 3 8 13 15 19 20 25
0 3 9 13 14 22 23 25
0 3 10 12 14 15 24 28
0 3 10 13 14 18 22 27
0 3 10 15 18 22 28 29
0 3 11 12 17 20 22 29
0 3 11 15 19 20 24 27
0 3 11 16 21 25 27 28
0 3 12 13 14 25 26 27
0 3 13 15 16 17 20 29
0 3 13 18 20 21 24 27
0 3 14 15 17 20 22 28
0 3 14 17 20 21 27 29
0 4 5 6 10 15 24 27
0 4 5 8 9 10 22 29
0 4 5 8 9 12 19 21
0 4 6 8 15 17 18 25
0 4 6 9 12 19 24 27
0 4 6 9 13 20 24 29
0 4 6 10 14 19 23 29
0 4 6 14 17 19 21 26
0 4 7 8 11 12 23 24
0 4 7 18 21 25 27 28
0 4 8 10 14 26 27 29
0 4 9 15 16 17 18 20
0 4 10 13 14 17 24 29
0 4 14 15 18 20 26 29
0 4 15 19 22 23 27 28
0 5 6 11 18 21 22 26
0 5 6 13 15 18 19 20
0 5 6 15 16 22 23 28
0 5 7 8 9 12 13 17
0 5 7 9 10 24 27 28
0 5 7 10 11 17 25 27
0 5 7 11 13 14 24 26
0 5 7 11 14 15 20 29
0 5 7 11 18 20 26 27
0 5 7 13 19 21 23 26
0 5 7 14 17 20 21 24
0 5 8 12 13 14 23 26
0 5 8 12 16 20 25 28
0 5 8 13 15 21 26 28
0 5 8 13 16 17 19 20
0 5 8 18 19 25 28 29
0 5 9 11 15 16 23 29
0 5 9 11 16 18 19 27
0 5 9 12 20 23 26 29
0 5 10 15 17 19 20 26
0 5 11 12 15 17 24 25
0 5 11 13 15 16 19 24
0 5 11 13 16 17 22 29
0 5 11 13 21 22 25 27
0 5 11 15 16 25 26 27
0 5 12 14 16 17 20 26
0 5 16 18 20 21 28 29
0 5 16 19 21 26 27 29
0 6 7 8 9 21 26 29
0 6 7 8 10 15 23 27
0 6 7 8 12 14 19 26
0 6 7 9 10 18 26 27
0 6 7 9 15 16 17 27
0 6 7 9 15 18 28 29
0 6 7 10 15 20 21 22
0 6 7 12 13 25 26 28
0 6 7 12 14 15 16 22
0 6 7 12 17 19 20 28
0 6 7 13 14 15 18 25
0 6 8 11 20 21 22 25
0 6 8 17 18 19 21 24
0 6 9 10 11 12 21 29
0 6 9 10 11 20 23 25
0 6 9 10 12 20 27 28
0 6 9 10 13 15 19 26
0 6 11 13 17 18 27 28
0 6 11 13 20 24 26 27
0 6 11 16 19 21 24 27
0 6 11 16 26 27 28 29
0 6 14 16 17 19 24 25
0 6 15 17 20 24 27 29
0 6 17 19 20 21 25 27
0 6 21 24 25 26 27 29
0 7 8 9 10 11 19 27
0 7 8 10 13 23 24 26
0 7 8 12 18 23 27 29
0 7 9 12 14 18 22 25
0 7 9 14 15 23 25 29
0 7 10 16 19 22 28 29
0 7 11 12 17 21 25 28
0 7 13 14 16 21 25 28
0 7 13 19 20 22 23 24
0 7 17 19 22 25 26 28
0 8 10 11 15 23 26 29
0 8 12 13 18 24 26 28
0 8 14 15 17 20 23 29
0 8 16 17 20 21 24 29
0 9 10 11 13 14 19 25
0 9 10 11 17 18 22 25
0 9 10 12 17 19 24 25
0 9 13 17 19 20 23 29
0 9 15 16 18 21 23 27
0 9 15 19 20 24 26 28
0 10 11 13 14 18 23 28
0 10 11 13 16 23 24 27
0 10 11 13 21 26 27 28
0 10 12 17 18 23 24 29
0 10 14 16 18 21 23 24
0 10 16 20 22 24 26 28
0 11 12 13 14 20 25 28
0 11 12 19 21 27 28 29
0 11 14 15 18 20 23 25
0 12 14 16 17 18 22 29
0 12 15 16 18 24 25 26
0 14 16 23 24 25 26 27
0 17 18 21 23 26 27 29
1 2 3 4 8 12 20 26
1 2 3 4 9 13 15 26
1 2 3 5 8 15 20 24
1 2 3 6 7 8 9 18
1 2 3 6 12 15 21 24
1 2 3 6 16 18 19 27
1 2 3 12 21 25 27 29
1 2 4 5 10 12 18 21
1 2 4 7 9 14 23 27
1 2 4 8 12 14 15 23
1 2 4 8 15 16 26 29
1 2 4 9 11 14 15 29
1 2 4 9 13 18 24 29
1 2 4 11 17 19 20 22
1 2 4 13 15 16 23 28
1 2 5 6 7 9 19 20
1 2 5 8 11 12 13 24
1 2 5 8 13 14 17 27
1 2 5 9 13 17 20 21
1 2 5 12 16 17 20 24
1 2 5 17 18 20 27 29
1 2 6 7 9 12 17 21
1 2 6 7 12 20 25 28
1 2 6 9 13 14 20 29
1 2 6 15 19 21 25 26
1 2 6 17 25 26 27 28
1 2 6 21 23 24 28 29
1 2 7 8 9 14 17 26
1 2 7 8 10 11 18 29
1 2 7 8 11 13 14 15
1 2 8 12 13 16 18 29
1 2 9 10 12 14 15 21
1 2 9 11 13 14 16 28
1 3 4 5 7 8 17 23
1 3 4 5 9 16 21 22
1 3 4 6 7 8 10 25
1 3 4 6 15 19 22 24
1 3 4 7 8 18 20 29
1 3 4 9 14 19 20 29
1 3 5 7 12 17 18 21
1 3 5 8 10 20 22 26
1 3 5 9 10 13 14 26
1 3 5 13 15 17 23 25
1 3 5 15 16 24 27 28
1 3 6 7 9 21 22 23
1 3 6 8 15 16 17 19
1 3 6 12 14 25 26 28
1 3 7 10 14 17 18 23
1 3 7 11 18 21 27 29
1 3 8 15 17 22 26 27
1 3 11 14 17 21 23 25
1 3 12 14 15 18 20 23
1 3 13 14 16 20 23 24
1 3 18 19 20 21 24 29
1 4 5 8 11 16 19 21
1 4 5 8 13 21 22 27
1 4 5 10 11 13 22 28
1 4 5 10 15 18 19 27
1 4 5 11 12 19 22 29
1 4 5 12 14 19 20 26
1 4 5 12 16 21 27 29
1 4 5 13 16 17 22 25
1 4 5 16 23 25 27 28
1 4 6 7 8 14 15 22
1 4 6 7 10 12 22 28
1 4 6 7 20 23 24 28
1 4 6 8 9 15 25 27
1 4 6 8 11 12 22 26
1 4 6 8 13 18 25 28
1 4 6 8 16 17 18 29
1 4 6 9 10 13 18 22
1 4 6 9 11 16 18 21
1 4 6 9 14 18 19 28
1 4 6 10 12 13 14 25
1 4 6 10 15 18 21 29
1 4 6 11 16 20 26 29
1 4 6 11 18 24 26 28
1 4 6 12 14 21 24 28
1 4 6 14 18 20 24 27
1 4 7 8 9 12 14 25
1 4 7 8 11 13 18 24
1 4 7 9 12 16 23 26
1 4 7 10 12 18 19 24
1 4 7 11 19 20 27 29
1 4 7 16 19 22 25 28
1 4 8 10 14 18 21 25
1 4 8 13 16 24 25 29
1 4 9 10 12 21 26 28
1 4 9 10 20 24 27 28
1 4 9 12 13 17 19 22
1 4 9 12 18 21 24 27
1 4 9 15 20 25 26 29
1 4 10 14 16 19 22 29
1 4 10 19 20 22 23 26
1 4 11 13 14 19 24 29
1 4 12 15 16 22 23 24
1 4 14 16 20 22 23 28
1 4 15 16 20 24 25 28
1 5 6 7 10 14 16 25
1 5 6 7 12 19 26 28
1 5 6 10 18 21 25 28
1 5 7 8 14 15 19 23
1 5 7 10 11 12 15 24
1 5 7 10 15 17 20 27
1 5 7 11 18 22 28 29
1 5 7 13 17 19 25 26
1 5 7 14 17 21 28 29
1 5 8 9 11 19 22 24
1 5 8 13 16 18 22 28
1 5 8 16 19 22 25 29
1 5 9 10 17 19 25 27
1 5 9 16 17 19 26 29
1 5 10 13 17 24 26 29
1 5 11 12 20 24 27 28
1 5 11 14 19 23 25 26
1 5 14 19 24 27 28 29
1 6 7 10 11 18 22 26
1 6 7 14 16 22 28 29
1 6 8 9 10 12 18 21
1 6 8 10 13 14 16 26
1 6 8 15 20 24 26 28
1 6 10 13 15 18 25 27
1 6 12 18 22 25 28 29
1 6 13 14 16 21 24 29
1 6 14 18 19 23 27 29
1 7 8 9 19 20 23 27
1 7 9 10 11 17 18 28
1 7 9 10 21 27 28 29
1 7 9 14 16 18 23 25
1 7 9 15 17 18 19 27
1 7 10 11 16 19 21 24
1 7 10 12 13 17 18 22
1 7 10 14 15 18 21 28
1 7 10 15 23 24 27 28
1 7 10 16 17 22 23 26
1 7 12 14 18 24 27 29
1 7 13 14 16 19 21 23
1 7 13 15 18 19 26 29
1 7 15 17 19 22 25 29
1 7 15 19 21 24 26 28
1 7 17 18 20 24 27 28
1 7 17 18 23 25 26 29
1 8 9 11 14 24 25 27
1 8 9 14 15 17 19 20
1 8 9 19 21 24 25 26
1 8 10 11 13 16 18 21
1 8 10 11 19 22 23 27
1 8 10 12 13 20 27 29
1 8 10 12 21 22 27 28
1 8 10 13 19 22 25 28
1 8 10 16 17 19 21 28
1 8 10 17 20 21 26 29
1 8 12 13 15 21 24 26
1 8 12 17 19 22 27 29
1 8 12 19 20 22 24 25
1 8 13 17 18 26 28 29
1 8 16 17 21 25 27 29
1 8 18 19 22 23 26 28
1 9 10 11 13 17 27 29
1 9 10 11 15 24 25 29
1 9 11 12 13 15 17 24
1 9 12 13 21 22 25 29
1 9 13 14 16 18 27 29
1 9 14 17 20 25 28 29
1 10 11 17 18 20 22 24
1 10 13 14 20 24 25 29
1 11 12 13 14 18 24 28
1 11 12 14 18 19 20 29
1 11 13 17 23 25 28 29
1 12 13 14 17 21 24 27
1 12 13 15 20 23 25 27
1 12 13 20 24 25 26 28
1 12 14 19 21 22 23 27
1 12 15 18 19 23 24 26
1 13 15 16 19 21 27 29
1 13 16 18 21 25 28 29
1 14 15 16 17 20 21 27
1 14 15 16 19 20 25 26
1 14 15 20 21 23 24 25
1 14 18 21 26 27 28 29
1 15 16 17 18 20 22 23
1 15 17 18 19 21 23 25
1 16 18 20 23 26 27 29
1 17 19 24 25 26 28 29
2 3 4 7 11 13 19 22
2 3 4 7 16 20 21 24
2 3 4 7 17 18 26 27
2 3 4 11 15 19 27 29
2 3 4 14 15 18 21 22
2 3 4 14 16 24 25 26
2 3 5 6 8 13 16 26
2 3 5 6 11 14 25 28
2 3 5 6 14 18 27 29
2 3 5 7 9 16 22 24
2 3 5 7 18 24 25 29
2 3 5 8 16 18 19 22
2 3 5 10 14 18 20 25
2 3 5 10 16 19 21 26
2 3 5 17 22 23 27 29
2 3 6 7 9 11 14 27
2 3 6 7 15 19 21 28
2 3 6 7 17 19 24 25
2 3 6 8 12 21 26 28
2 3 6 8 18 22 24 29
2 3 6 9 12 15 22 28
2 3 6 9 12 18 21 23
2 3 6 10 13 14 20 22
2 3 6 10 13 21 23 28
2 3 6 11 17 19 22 27
2 3 6 12 13 25 27 28
2 3 7 11 14 17 22 23
2 3 7 13 16 18 20 27
2 3 7 14 15 21 23 25
2 3 7 17 25 27 28 29
2 3 8 9 10 11 14 26
2 3 8 9 10 15 22 27
2 3 8 9 15 21 24 26
2 3 8 15 22 23 28 29
2 3 8 20 24 25 26 29
2 3 9 10 14 21 24 27
2 3 9 13 14 17 19 22
2 3 9 14 16 19 25 27
2 3 9 18 19 20 22 23
2 3 10 11 16 17 22 25
2 3 10 12 16 22 27 28
2 3 10 13 15 23 26 27
2 3 11 15 16 18 25 29
2 3 11 15 17 22 24 29
2 3 11 17 23 26 27 28
2 3 12 14 23 24 27 29
2 3 14 20 21 23 27 28
2 4 5 8 9 13 15 24
2 4 5 9 12 16 21 28
2 4 5 9 16 20 22 23
2 4 5 9 19 20 27 29
2 4 5 10 16 19 25 27
2 4 5 12 15 18 23 29
2 4 5 13 17 21 25 27
2 4 6 7 10 11 15 23
2 4 6 7 10 16 17 22
2 4 6 8 14 15 17 20
2 4 6 9 11 18 25 28
2 4 7 18 20 23 27 28
2 4 8 12 17 24 27 28
2 4 8 16 17 19 24 26
2 4 9 13 17 19 21 24
2 4 9 14 15 19 20 26
2 4 11 12 18 22 23 26
2 4 11 13 15 19 21 25
2 4 11 15 16 20 21 29
2 4 12 13 14 15 17 29
2 5 6 8 11 19 24 25
2 5 6 8 15 16 23 24
2 5 6 15 16 18 21 22
2 5 7 10 15 17 25 26
2 5 7 11 13 27 28 29
2 5 7 14 17 21 22 26
2 5 8 10 12 13 14 15
2 5 8 11 12 14 18 28
2 5 8 11 22 25 28 29
2 5 11 12 13 20 23 25
2 5 11 16 20 21 22 26
2 5 12 14 19 20 28 29
2 5 13 14 16 19 25 26
2 6 7 8 9 22 26 27
2 6 7 9 12 14 19 28
2 6 7 9 13 15 25 28
2 6 7 9 16 17 19 23
2 6 7 11 14 18 21 29
2 6 7 11 16 19 20 21
2 6 7 12 15 21 22 23
2 6 7 12 16 21 24 28
2 6 7 13 14 22 24 29
2 6 7 13 16 19 26 27
2 6 7 13 20 22 25 27
2 6 7 15 16 22 26 29
2 6 7 18 21 23 26 27
2 6 8 9 13 20 27 28
2 6 8 9 15 18 22 23
2 6 8 11 12 15 16 26
2 6 8 11 12 19 20 22
2 6 8 12 13 22 25 26
2 6 8 12 21 22 24 27
2 6 8 13 14 15 27 29
2 6 8 14 16 22 23 27
2 6 8 14 18 21 22 26
2 6 8 19 23 25 26 28
2 6 9 10 12 14 23 27
2 6 9 12 13 15 21 29
2 6 9 13 16 21 22 28
2 6 9 14 18 20 25 27
2 6 9 17 21 22 25 26
2 6 9 19 23 25 27 29
2 6 10 11 13 16 20 23
2 6 10 13 15 17 20 29
2 6 10 14 16 21 24 25
2 6 10 16 18 23 24 28
2 6 11 12 14 22 23 29
2 6 11 12 15 17 18 29
2 6 11 12 15 19 24 27
2 6 11 13 14 23 27 28
2 6 11 13 17 18 22 26
2 6 11 16 20 24 26 28
2 6 12 13 17 20 21 23
2 6 12 14 16 18 23 26
2 6 12 15 16 19 23 28
2 6 12 17 23 24 26 28
2 6 12 18 19 20 21 29
2 6 13 15 17 23 25 26
2 6 15 18 19 21 23 24
2 6 17 19 20 22 24 28
2 6 19 20 21 22 23 27
2 7 8 9 10 11 17 25
2 7 8 9 11 16 21 29
2 7 8 9 14 15 18 27
2 7 8 10 12 16 20 23
2 7 8 11 14 18 19 25
2 7 8 14 21 24 27 29
2 7 8 16 17 21 23 24
2 7 9 10 23 24 25 27
2 7 9 11 19 20 26 27
2 7 9 12 17 19 25 27
2 7 9 12 17 22 23 26
2 7 9 13 15 19 27 29
2 7 9 15 18 21 23 29
2 7 10 11 20 23 25 28
2 7 10 14 16 17 23 29
2 7 10 14 16 18 19 28
2 7 11 13 19 21 26 29
2 7 12 19 26 27 28 29
2 7 13 17 19 20 22 29
2 7 14 19 21 22 24 25
2 7 15 18 20 22 24 27
2 7 16 21 23 25 27 29
2 8 9 12 17 20 26 27
2 8 9 15 16 20 22 26
2 8 14 15 16 20 21 23
2 8 14 16 20 22 24 25
2 8 14 18 20 23 24 26
2 9 10 11 12 16 19 21
2 9 10 12 14 24 26 29
2 9 10 12 21 23 25 26
2 9 10 13 18 20 22 27
2 9 11 12 13 14 17 27
2 9 11 15 19 22 24 26
2 9 12 15 19 20 21 23
2 9 13 23 24 26 27 29
2 9 15 21 22 23 24 28
2 10 11 15 18 20 26 29
2 10 12 15 20 22 24 26
2 11 12 16 19 20 25 28
2 11 12 17 20 26 28 29
2 11 13 14 15 19 26 27
2 11 18 20 22 26 27 28
2 12 13 19 20 25 26 27
2 12 14 17 20 21 22 28
2 12 16 18 21 23 28 29
2 13 14 20 21 26 28 29
2 13 15 19 20 21 24 29
2 13 18 19 21 25 26 28
2 14 17 18 21 24 25 27
2 14 17 19 20 21 23 29
2 14 18 22 23 24 27 28
3 4 5 11 12 13 14 17
3 4 5 12 13 16 25 27
3 4 5 13 14 19 26 27
3 4 6 8 9 10 22 24
3 4 6 8 11 13 23 25
3 4 6 8 12 19 22 27
3 4 6 10 15 18 19 20
3 4 6 12 13 14 28 29
3 4 6 12 14 18 23 25
3 4 6 14 17 19 20 24
3 4 7 8 9 16 28 29
3 4 7 9 12 13 26 29
3 4 7 13 14 17 22 24
3 4 8 10 12 20 22 25
3 4 8 11 16 19 24 27
3 4 8 14 15 19 23 26
3 4 8 15 17 20 21 25
3 4 10 11 12 20 26 29
3 4 10 11 13 16 25 28
3 4 10 11 14 17 21 24
3 4 11 13 17 18 23 24
3 4 11 14 15 25 27 28
3 4 11 16 17 25 27 29
3 4 12 13 14 16 18 21
3 4 12 20 22 23 24 29
3 4 13 14 17 21 27 28
3 4 13 15 22 24 26 27
3 4 14 16 20 21 22 27
3 4 14 20 25 26 27 29
3 4 15 19 21 23 25 28
3 5 6 9 11 15 19 26
3 5 6 9 16 19 24 29
3 5 6 10 16 18 21 27
3 5 6 14 16 18 20 26
3 5 7 8 9 15 18 20
3 5 7 9 11 25 27 28
3 5 7 9 18 22 25 26
3 5 7 10 21 22 24 27
3 5 7 12 19 21 24 28
3 5 7 12 22 25 27 29
3 5 8 10 14 18 23 28
3 5 8 10 19 24 25 26
3 5 8 11 12 27 28 29
3 5 8 11 15 23 25 29
3 5 9 10 13 16 22 27
3 5 9 10 16 18 19 25
3 5 9 11 14 17 19 20
3 5 11 15 18 19 22 29
3 6 7 8 9 19 25 29
3 6 7 8 13 16 18 24
3 6 7 9 17 18 20 28
3 6 7 11 14 17 26 29
3 6 9 10 13 14 24 29
3 6 9 10 20 22 23 27
3 6 11 13 19 24 25 29
3 6 11 14 15 22 23 27
3 6 11 21 23 24 25 28
3 6 13 15 20 24 26 29
3 6 15 16 19 20 21 26
3 7 8 11 15 16 20 23
3 7 8 12 14 20 22 23
3 7 9 14 17 19 23 27
3 7 10 12 13 14 23 28
3 7 10 13 15 19 26 28
3 7 10 13 18 21 24 29
3 7 10 15 17 23 25 28
3 7 11 12 16 23 25 27
3 7 12 14 18 21 22 27
3 7 12 20 21 25 26 28
3 7 15 19 23 25 27 29
3 8 9 12 13 18 22 28
3 8 9 21 22 25 26 27
3 8 10 12 15 16 21 24
3 8 10 13 16 23 27 28
3 8 10 21 22 23 25 28
3 8 11 12 16 18 26 29
3 8 11 16 19 23 25 26
3 8 12 13 15 20 23 29
3 8 12 19 20 23 24 26
3 8 15 16 17 21 22 28
3 9 10 11 12 14 16 28
3 9 10 11 13 15 18 19
3 9 10 13 18 22 26 29
3 9 10 14 18 21 23 25
3 9 11 12 13 15 20 26
3 9 11 13 16 21 22 23
3 9 11 18 22 23 26 28
3 9 11 19 20 21 23 24
3 9 12 15 16 20 23 27
3 9 13 14 17 20 21 23
3 9 13 18 19 23 24 28
3 9 14 16 17 23 24 28
3 9 21 23 24 26 28 29
3 10 11 16 17 20 24 26
3 10 11 16 22 23 26 27
3 10 12 15 16 17 19 23
3 10 12 17 21 24 25 29
3 10 12 19 20 22 26 27
3 10 13 15 16 17 24 28
3 10 13 17 19 22 23 27
3 10 14 17 21 25 26 28
3 10 15 17 20 21 26 27
3 10 16 17 22 23 24 29
3 11 12 16 19 23 28 29
3 11 13 20 22 23 24 26
3 12 15 16 19 26 27 29
3 12 16 17 21 23 26 28
3 13 17 18 19 26 27 28
3 14 15 18 19 20 22 27
3 15 16 20 22 26 27 28
3 16 18 19 20 24 25 26
4 5 6 8 11 12 25 29
4 5 7 8 15 16 27 28
4 5 7 9 13 20 23 24
4 5 7 17 23 24 25 29
4 5 8 11 14 21 24 27
4 5 8 13 14 17 18 23
4 5 8 15 25 26 27 29
4 5 9 10 12 19 20 28
4 5 10 12 14 15 21 28
4 5 11 12 16 22 24 25
4 5 13 20 22 24 27 29
4 6 7 8 12 19 21 29
4 6 7 10 14 16 19 24
4 6 7 13 15 19 24 26
4 6 8 10 12 15 18 26
4 6 8 11 14 20 21 26
4 6 9 11 12 15 18 23
4 6 10 11 13 14 16 29
4 6 10 12 19 20 24 26
4 6 10 19 21 22 25 26
4 6 13 15 16 18 24 27
4 6 14 15 16 18 21 25
4 6 16 17 18 19 21 27
4 7 8 10 11 14 22 27
4 7 8 10 16 17 26 29
4 7 8 11 13 20 26 28
4 7 8 15 17 20 27 29
4 7 8 16 18 19 23 29
4 7 8 19 21 23 24 28
4 7 9 10 11 13 16 21
4 7 9 11 14 23 26 29
4 7 9 12 14 20 27 28
4 7 10 11 15 21 25 28
4 7 10 13 20 24 25 26
4 7 10 14 15 17 20 24
4 7 10 17 19 20 21 23
4 7 12 13 18 20 21 27
4 7 12 14 18 22 23 24
4 7 12 17 18 23 25 28
4 7 13 14 19 22 23 26
4 7 14 15 18 22 27 28
4 7 14 16 17 23 25 26
4 7 14 18 19 21 28 29
4 7 14 20 21 22 26 29
4 7 15 16 18 22 24 25
4 7 15 20 22 23 25 29
4 7 16 18 20 25 26 28
4 8 9 10 11 15 18 29
4 8 9 10 12 13 21 22
4 8 9 11 19 24 25 28
4 8 9 12 18 25 27 28
4 8 9 15 16 23 25 28
4 8 10 11 12 16 20 21
4 8 10 13 15 24 26 29
4 8 10 15 18 24 25 27
4 8 10 15 19 20 23 28
4 8 10 16 17 20 25 27
4 8 10 18 20 22 24 29
4 8 11 13 16 21 22 25
4 8 11 14 17 23 24 26
4 8 11 17 19 22 27 28
4 8 11 22 23 24 25 29
4 8 12 13 16 17 28 29
4 8 12 14 17 19 22 25
4 8 12 17 21 22 23 27
4 8 13 14 18 19 21 24
4 8 14 15 17 21 22 26
4 8 16 17 18 21 24 25
4 8 16 17 18 22 23 28
4 8 19 21 25 26 28 29
4 9 10 11 17 19 23 28
4 9 10 11 19 20 24 29
4 9 10 14 15 18 19 25
4 9 10 17 22 25 28 29
4 9 11 13 17 22 24 27
4 9 11 16 18 20 24 27
4 9 12 15 16 17 22 28
4 9 12 15 19 23 26 28
4 9 12 21 22 24 26 29
4 9 13 14 16 19 20 21
4 9 13 17 20 21 27 29
4 9 14 20 24 25 26 28
4 9 15 16 23 24 26 27
4 9 16 19 22 25 26 27
4 10 11 12 18 19 22 28
4 10 11 15 20 22 23 24
4 10 12 18 24 25 26 29
4 10 13 14 21 22 24 28
4 10 13 15 19 20 21 27
4 10 13 17 21 26 28 29
4 10 13 18 20 21 23 24
4 10 14 17 18 23 24 28
4 10 14 19 22 23 24 25
4 10 16 17 19 20 24 28
4 10 16 18 20 21 27 29
4 10 18 19 25 26 27 28
4 11 12 13 14 19 23 25
4 11 12 13 16 19 20 27
4 11 12 14 17 18 23 29
4 11 13 14 15 16 22 24
4 12 13 20 21 22 23 26
4 12 14 18 20 21 24 25
4 13 14 16 18 26 28 29
4 13 17 18 20 23 25 29
5 6 7 8 10 14 17 27
5 6 7 8 17 19 24 26
5 6 7 9 10 12 21 24
5 6 7 10 11 15 16 26
5 6 7 10 13 18 21 22
5 6 7 11 13 17 22 27
5 6 7 11 13 21 23 24
5 6 7 13 15 17 19 21
5 6 7 15 17 20 23 24
5 6 7 16 21 22 23 29
5 6 8 9 10 19 20 22
5 6 8 9 13 22 23 28
5 6 8 10 11 16 17 21
5 6 8 10 14 18 19 24
5 6 8 10 14 23 25 26
5 6 8 10 15 17 19 29
5 6 8 17 19 23 27 28
5 6 9 10 12 14 17 29
5 6 9 11 17 18 22 28
5 6 9 12 13 17 21 27
5 6 10 11 13 24 26 28
5 6 10 11 15 20 22 27
5 6 10 13 14 22 25 27
5 6 11 12 15 17 21 26
5 6 11 12 19 22 23 26
5 6 11 14 15 22 25 29
5 6 11 17 22 24 26 29
5 6 12 21 22 25 27 28
5 6 13 16 18 20 22 29
5 6 14 15 17 21 27 28
5 6 15 16 17 19 26 27
5 6 16 17 21 23 24 25
5 6 17 19 20 25 28 29
5 7 8 9 12 19 27 28
5 7 8 10 15 21 23 25
5 7 8 11 13 15 22 25
5 7 9 13 16 25 27 29
5 7 10 13 17 21 26 27
5 7 10 14 16 17 20 22
5 7 10 18 20 22 23 28
5 7 11 17 21 22 24 25
5 7 12 13 16 17 21 28
5 7 12 13 17 20 22 25
5 7 12 13 23 26 27 28
5 7 12 15 18 19 21 26
5 7 12 16 20 24 26 29
5 7 12 17 19 22 23 28
5 7 15 20 24 26 27 28
5 7 16 17 18 25 26 27
5 8 9 10 14 16 18 27
5 8 9 10 17 23 25 29
5 8 9 11 12 16 21 22
5 8 9 11 14 18 19 23
5 8 10 11 13 14 17 24
5 8 10 12 15 19 26 28
5 8 10 12 15 24 25 29
5 8 10 15 22 23 26 27
5 8 11 12 14 17 22 26
5 8 11 13 18 22 24 27
5 8 12 20 21 22 23 24
5 8 13 15 19 21 22 24
5 8 13 19 20 22 23 29
5 8 14 15 19 21 25 28
5 8 14 18 19 25 26 27
5 8 15 16 17 19 24 28
5 8 17 18 19 22 23 24
5 8 17 21 23 24 28 29
5 8 17 22 26 27 28 29
5 8 18 20 21 23 25 27
5 9 10 11 14 15 23 25
5 9 10 11 18 22 24 29
5 9 11 12 13 16 17 20
5 9 11 12 18 19 24 28
5 9 11 16 19 20 22 25
5 9 12 14 15 25 26 29
5 9 13 15 24 27 28 29
5 9 13 16 17 19 24 27
5 9 13 20 25 26 28 29
5 9 14 15 16 23 27 28
5 9 14 15 19 20 22 23
5 9 16 19 22 23 24 28
5 9 16 21 22 23 25 27
5 9 18 19 21 24 27 29
5 10 11 12 14 20 23 29
5 10 11 13 18 19 27 28
5 10 11 17 20 22 25 28
5 10 11 19 21 23 24 27
5 10 12 13 15 17 20 28
5 10 12 13 16 18 25 28
5 10 12 20 23 24 25 27
5 10 12 21 23 26 28 29
5 10 13 17 18 19 20 22
5 12 13 14 16 18 23 24
5 12 16 17 19 20 27 28
5 12 17 22 23 25 26 27
5 22 23 24 25 27 28 29
6 7 10 11 14 23 27 29
6 7 10 12 17 19 21 22
6 7 10 16 17 20 25 26
6 7 11 12 13 14 16 28
6 7 11 15 23 26 28 29
6 8 10 11 18 21 23 25
6 8 11 12 13 19 23 28
6 8 11 12 14 21 24 25
6 8 13 21 23 26 28 29
6 8 14 17 20 25 26 27
6 9 11 13 18 20 28 29
6 9 12 13 15 18 22 25
6 9 12 15 16 17 23 26
6 9 15 17 18 21 25 27
6 10 20 21 23 26 27 28
6 11 12 15 18 22 27 28
6 11 13 15 16 17 20 21
6 11 15 19 20 22 25 26
6 11 16 18 19 20 23 26
6 11 17 18 19 23 24 28
6 12 16 20 25 27 28 29
6 13 14 16 19 25 27 29
6 13 14 19 21 22 26 27
6 16 17 22 25 26 27 29
7 8 9 12 13 19 23 26
7 8 9 15 17 19 26 28
7 8 14 15 18 21 22 24
7 8 16 17 22 24 25 29
7 9 10 11 15 22 24 27
7 9 10 14 15 18 22 29
7 9 10 14 16 25 26 27
7 9 13 15 20 22 26 28
7 9 14 16 20 22 23 24
7 9 20 23 25 27 28 29
7 10 11 14 19 26 27 28
7 10 11 16 21 22 23 25
7 10 13 16 17 22 25 27
7 11 12 13 20 22 26 27
7 11 14 16 18 22 23 28
7 13 17 18 20 21 23 28
7 14 18 20 22 23 25 27
8 9 10 12 18 19 24 27
8 9 11 13 15 19 22 23
8 9 13 15 18 21 23 26
8 9 14 20 21 23 28 29
8 9 15 17 18 20 21 29
8 10 11 12 13 15 21 25
8 10 12 15 19 21 22 23
8 10 13 15 16 17 21 29
8 10 19 20 21 24 28 29
8 11 12 19 21 22 25 29
8 11 13 14 20 26 27 29
8 11 14 18 25 27 28 29
8 13 14 16 18 19 22 26
9 10 11 16 21 24 26 29
9 10 11 22 23 25 27 29
9 10 12 14 20 23 25 28
9 10 15 17 19 20 25 29
9 11 12 15 20 23 25 29
9 11 12 17 19 20 22 26
9 11 13 14 15 18 24 26
9 12 13 17 24 26 28 29
9 12 14 19 20 22 24 28
9 12 14 19 23 26 27 29
9 14 15 18 20 24 25 29
9 15 17 21 22 23 26 27
9 17 19 20 23 24 26 27
10 11 12 13 16 21 24 28
10 11 14 15 17 22 26 27
10 11 16 22 24 25 28 29
10 12 14 21 23 24 27 28
10 13 15 16 19 22 23 26
11 13 16 18 20 24 26 29
11 16 17 18 22 25 27 28
12 14 17 19 21 22 26 29
12 15 17 19 20 24 28 29
12 16 19 20 21 23 26 29
