0 1
0 2
0 3
0 5
0 7
0 9
0 13
0 17
0 18
1 6
1 7
1 8
1 12
1 13
1 20
1 22
1 29
2 3
2 6
2 9
2 10
2 18
2 22
2 24
3 9
3 15
3 16
3 18
3 28
3 29
4 8
4 9
4 10
4 11
4 16
4 17
4 18
4 19
5 9
5 17
5 18
5 20
5 26
5 27
5 28
6 9
6 23
6 24
6 26
6 28
6 29
7 8
7 9
7 17
7 20
7 22
7 23
8 10
8 22
8 24
8 27
8 29
9 29
10 12
10 13
10 18
10 20
10 23
11 12
11 15
11 23
11 24
11 26
11 28
11 29
12 14
12 19
12 25
12 27
12 28
13 14
13 16
13 17
13 18
13 25
14 15
14 20
14 25
14 27
14 28
14 29
15 22
15 24
15 25
15 26
15 27
16 18
16 19
16 20
16 23
16 24
16 25
17 18
17 22
17 24
17 25
19 21
19 23
19 24
19 25
19 26
19 29
20 21
20 22
20 26
21 22
21 23
21 24
21 25
21 26
21 27
21 28
22 25
23 26
23 27
26 27
27 28
28 29
