0 1 2 3 4 5
0 1 5 9 26 30
0 1 6 7 22 23
0 1 6 12 21 31
0 1 6 16 20 26
0 1 16 17 28 29
0 1 20 24 26 30
0 2 3 12 26 30
0 2 3 12 27 31
0 2 3 13 16 29
0 2 3 13 17 28
0 2 3 13 21 24
0 2 3 13 26 31
0 2 3 13 27 30
0 2 3 14 22 24
0 2 3 14 26 28
0 2 3 14 27 29
0 2 3 15 16 31
0 2 3 15 17 30
0 2 3 15 22 25
0 2 3 15 23 24
0 2 3 15 27 28
0 2 3 18 22 28
0 2 3 18 23 29
0 2 3 19 20 31
0 2 3 19 21 30
0 2 3 19 23 28
0 2 3 19 25 26
0 2 4 5 7 13
0 2 4 5 9 11
0 2 4 5 14 20
0 2 4 5 15 21
0 2 4 5 16 18
0 2 4 5 17 19
0 2 4 5 22 28
0 2 4 5 23 29
0 2 4 5 24 26
0 2 4 5 25 27
0 2 4 6 7 14
0 2 4 6 9 16
0 2 4 6 11 18
0 2 4 6 13 20
0 2 4 6 15 22
0 2 4 6 17 24
0 2 4 6 19 26
0 2 4 6 21 28
0 2 4 6 23 30
0 2 4 7 8 16
0 2 4 7 10 18
0 2 4 7 12 20
0 2 4 7 15 23
0 2 4 7 17 25
0 2 4 7 19 27
0 2 4 7 21 29
0 2 4 7 22 30
0 2 4 8 9 14
0 2 4 8 11 20
0 2 4 8 13 18
0 2 4 8 15 24
0 2 4 8 17 22
0 2 4 8 19 28
0 2 4 8 25 30
0 2 4 9 10 20
0 2 4 9 12 18
0 2 4 9 15 25
0 2 4 9 17 23
0 2 4 9 21 27
0 2 4 9 24 30
0 2 4 10 11 14
0 2 4 10 13 16
0 2 4 10 15 26
0 2 4 10 17 28
0 2 4 10 19 22
0 2 4 10 21 24
0 2 4 10 27 30
0 2 4 11 12 16
0 2 4 11 15 27
0 2 4 11 17 29
0 2 4 11 19 23
0 2 4 11 21 25
0 2 4 11 26 30
0 2 4 12 13 14
0 2 4 12 15 28
0 2 4 12 17 26
0 2 4 12 19 24
0 2 4 12 21 22
0 2 4 12 29 30
0 2 4 13 15 29
0 2 4 13 19 25
0 2 4 13 28 30
0 2 4 14 15 30
0 2 4 14 22 23
0 2 4 14 24 25
0 2 4 14 26 27
0 2 4 14 28 29
0 2 4 16 17 30
0 2 4 16 22 25
0 2 4 16 23 24
0 2 4 16 26 29
0 2 4 16 27 28
0 2 4 18 19 30
0 2 4 18 22 27
0 2 4 18 23 26
0 2 4 18 24 29
0 2 4 18 25 28
0 2 4 20 21 30
0 2 4 20 22 29
0 2 4 20 23 28
0 2 4 20 24 27
0 2 5 6 8 16
0 2 5 6 10 18
0 2 5 6 13 21
0 2 5 6 14 22
0 2 5 6 17 25
0 2 5 6 19 27
0 2 5 6 20 28
0 2 5 6 23 31
0 2 5 7 9 16
0 2 5 7 11 18
0 2 5 7 12 21
0 2 5 7 14 23
0 2 5 7 17 24
0 2 5 7 19 26
0 2 5 7 20 29
0 2 5 7 22 31
0 2 5 8 9 15
0 2 5 8 11 21
0 2 5 8 12 18
0 2 5 8 14 24
0 2 5 8 17 23
0 2 5 8 19 29
0 2 5 8 20 26
0 2 5 9 10 21
0 2 5 9 13 18
0 2 5 9 14 25
0 2 5 9 17 22
0 2 5 9 19 28
0 2 5 9 20 27
0 2 5 9 24 31
0 2 5 10 11 15
0 2 5 10 12 16
0 2 5 10 14 26
0 2 5 10 17 29
0 2 5 10 19 23
0 2 5 10 20 24
0 2 5 10 27 31
0 2 5 11 13 16
0 2 5 11 14 27
0 2 5 11 17 28
0 2 5 11 19 22
0 2 5 11 20 25
0 2 5 11 26 31
0 2 5 12 13 15
0 2 5 12 14 28
0 2 5 12 17 27
0 2 5 12 19 25
0 2 5 12 20 22
0 2 5 12 29 31
0 2 5 13 14 29
0 2 5 13 17 26
0 2 5 13 19 24
0 2 5 13 20 23
0 2 5 13 28 31
0 2 5 14 15 31
0 2 5 15 22 23
0 2 5 15 24 25
0 2 5 15 26 27
0 2 5 15 28 29
0 2 5 16 17 31
0 2 5 16 22 24
0 2 5 16 23 25
0 2 5 16 26 28
0 2 5 16 27 29
0 2 5 18 19 31
0 2 5 18 22 26
0 2 5 18 23 27
0 2 5 18 24 28
0 2 5 18 25 29
0 2 5 20 21 31
0 2 5 21 22 29
0 2 5 21 23 28
0 2 5 21 24 27
0 2 5 21 25 26
0 2 6 7 9 11
0 2 6 7 12 22
0 2 6 7 13 23
0 2 6 7 16 18
0 2 6 7 17 19
0 2 6 7 20 30
0 2 6 7 21 31
0 2 6 7 24 26
0 2 6 8 9 12
0 2 6 8 11 22
0 2 6 8 13 24
0 2 6 8 15 18
0 2 6 8 17 20
0 2 6 8 19 30
0 2 6 8 23 26
0 2 6 8 25 28
0 2 6 9 10 22
0 2 6 9 13 25
0 2 6 9 14 18
0 2 6 9 17 21
0 2 6 9 19 31
0 2 6 9 23 27
0 2 6 9 24 28
0 2 6 10 11 12
0 2 6 10 13 26
0 2 6 10 15 16
0 2 6 10 17 30
0 2 6 10 19 20
0 2 6 10 23 24
0 2 6 10 27 28
0 2 6 11 13 27
0 2 6 11 14 16
0 2 6 11 17 31
0 2 6 11 19 21
0 2 6 11 23 25
0 2 6 11 26 28
0 2 6 12 13 28
0 2 6 12 14 15
0 2 6 12 20 21
0 2 6 12 24 25
0 2 6 12 26 27
0 2 6 12 30 31
0 2 6 13 14 30
0 2 6 13 15 31
0 2 6 14 17 26
0 2 6 14 19 24
0 2 6 15 21 23
0 2 6 18 19 28
0 2 7 8 9 13
0 2 7 8 11 23
0 2 7 8 12 24
0 2 7 8 14 18
0 2 7 8 17 21
0 2 7 8 19 31
0 2 7 8 22 26
0 2 7 8 25 29
0 2 7 9 10 23
0 2 7 9 15 18
0 2 7 9 17 20
0 2 7 9 19 30
0 2 7 9 22 27
0 2 7 9 24 29
0 2 7 10 11 13
0 2 7 10 12 26
0 2 7 10 14 16
0 2 7 10 17 31
0 2 7 10 19 21
0 2 7 10 22 24
0 2 7 10 27 29
0 2 7 11 12 27
0 2 7 11 15 16
0 2 7 11 17 30
0 2 7 11 19 20
0 2 7 11 22 25
0 2 7 11 26 29
0 2 7 12 13 29
0 2 7 12 14 30
0 2 7 12 15 31
0 2 7 13 14 15
0 2 7 13 20 21
0 2 7 13 24 25
0 2 7 13 26 27
0 2 7 13 30 31
0 2 7 14 17 27
0 2 7 14 19 25
0 2 7 14 20 22
0 2 7 14 29 31
0 2 7 15 17 26
0 2 7 15 19 24
0 2 7 15 21 22
0 2 7 15 29 30
0 2 7 16 17 29
0 2 7 16 20 24
0 2 7 16 21 25
0 2 7 16 26 30
0 2 7 16 27 31
0 2 7 18 19 29
0 2 7 18 20 26
0 2 7 18 21 27
0 2 7 18 24 30
0 2 7 18 25 31
0 2 7 20 23 31
0 2 7 21 23 30
0 2 7 22 23 29
0 2 7 23 24 27
0 2 7 23 25 26
0 2 8 9 10 24
0 2 8 9 11 25
0 2 8 9 16 18
0 2 8 9 17 19
0 2 8 9 20 30
0 2 8 9 21 31
0 2 8 9 22 28
0 2 8 9 23 29
0 2 8 10 11 26
0 2 8 10 12 13
0 2 8 10 14 15
0 2 8 10 20 21
0 2 8 10 22 23
0 2 8 10 28 29
0 2 8 10 30 31
0 2 8 11 12 28
0 2 8 11 13 29
0 2 8 11 14 30
0 2 8 11 15 31
0 2 8 12 15 16
0 2 8 12 17 30
0 2 8 12 19 20
0 2 8 12 22 25
0 2 8 12 26 29
0 2 8 13 14 16
0 2 8 13 17 31
0 2 8 13 19 21
0 2 8 13 23 25
0 2 8 13 26 28
0 2 8 14 17 28
0 2 8 14 19 22
0 2 8 14 20 25
0 2 8 14 26 31
0 2 8 15 17 29
0 2 8 15 19 23
0 2 8 15 21 25
0 2 8 15 26 30
0 2 8 16 17 26
0 2 8 16 20 23
0 2 8 16 21 22
0 2 8 16 28 31
0 2 8 16 29 30
0 2 8 18 19 26
0 2 8 18 20 29
0 2 8 18 21 28
0 2 8 18 22 31
0 2 8 18 23 30
0 2 8 20 24 31
0 2 8 21 24 30
0 2 8 22 24 29
0 2 8 23 24 28
0 2 8 24 25 26
0 2 9 10 11 27
0 2 9 10 12 28
0 2 9 10 13 29
0 2 9 10 14 30
0 2 9 10 15 31
0 2 9 11 12 13
0 2 9 11 14 15
0 2 9 11 20 21
0 2 9 11 22 23
0 2 9 11 28 29
0 2 9 11 30 31
0 2 9 12 14 16
0 2 9 12 17 31
0 2 9 12 19 21
0 2 9 12 22 24
0 2 9 12 27 29
0 2 9 13 15 16
0 2 9 13 17 30
0 2 9 13 19 20
0 2 9 13 23 24
0 2 9 13 27 28
0 2 9 14 17 29
0 2 9 14 19 23
0 2 9 14 27 31
0 2 9 15 17 28
0 2 9 15 19 22
0 2 9 15 21 24
0 2 9 15 27 30
0 2 9 16 17 27
0 2 9 16 20 22
0 2 9 16 21 23
0 2 9 16 28 30
0 2 9 16 29 31
0 2 9 18 19 27
0 2 9 18 20 28
0 2 9 18 21 29
0 2 9 18 22 30
0 2 9 18 23 31
0 2 9 20 25 31
0 2 9 21 25 30
0 2 9 22 25 29
0 2 9 23 25 28
0 2 9 24 25 27
0 2 10 11 16 18
0 2 10 11 17 19
0 2 10 11 20 30
0 2 10 11 21 31
0 2 10 11 22 28
0 2 10 11 23 29
0 2 10 12 15 18
0 2 10 12 19 30
0 2 10 12 22 27
0 2 10 12 24 29
0 2 10 13 14 18
0 2 10 13 17 21
0 2 10 13 19 31
0 2 10 13 23 27
0 2 10 13 24 28
0 2 10 14 17 22
0 2 10 14 19 28
0 2 10 14 20 27
0 2 10 14 24 31
0 2 10 15 17 23
0 2 10 15 19 29
0 2 10 15 21 27
0 2 10 15 24 30
0 2 10 16 17 24
0 2 10 16 20 29
0 2 10 16 21 28
0 2 10 16 22 31
0 2 10 16 23 30
0 2 10 18 19 24
0 2 10 18 20 23
0 2 10 18 21 22
0 2 10 18 28 31
0 2 10 18 29 30
0 2 10 20 26 31
0 2 10 21 26 30
0 2 10 22 26 29
0 2 10 23 26 28
0 2 10 24 26 27
0 2 11 12 14 18
0 2 11 12 17 21
0 2 11 12 19 31
0 2 11 12 22 26
0 2 11 12 25 29
0 2 11 13 15 18
0 2 11 13 17 20
0 2 11 13 19 30
0 2 11 13 23 26
0 2 11 13 25 28
0 2 11 14 17 23
0 2 11 14 19 29
0 2 11 14 20 26
0 2 11 14 25 31
0 2 11 15 17 22
0 2 11 15 19 28
0 2 11 15 21 26
0 2 11 15 25 30
0 2 11 16 17 25
0 2 11 16 20 28
0 2 11 16 21 29
0 2 11 16 22 30
0 2 11 16 23 31
0 2 11 18 19 25
0 2 11 18 20 22
0 2 11 18 21 23
0 2 11 18 28 30
0 2 11 18 29 31
0 2 11 20 27 31
0 2 11 21 27 30
0 2 11 22 27 29
0 2 11 23 27 28
0 2 11 25 26 27
0 2 12 13 16 18
0 2 12 13 17 19
0 2 12 13 20 30
0 2 12 13 21 31
0 2 12 13 24 26
0 2 12 13 25 27
0 2 12 14 17 24
0 2 12 14 19 26
0 2 12 14 20 29
0 2 12 14 22 31
0 2 12 15 17 25
0 2 12 15 19 27
0 2 12 15 21 29
0 2 12 15 22 30
0 2 12 16 17 22
0 2 12 16 20 27
0 2 12 16 21 26
0 2 12 16 24 31
0 2 15 21 30 31
0 2 17 20 27 29
0 2 17 22 27 31
0 2 19 21 23 26
0 2 20 21 22 28
0 2 21 26 27 31
0 3 5 9 20 26
0 3 5 9 24 30
0 3 5 10 11 14
0 3 5 10 13 16
0 3 5 10 15 26
0 3 5 10 17 28
0 3 5 10 18 23
0 3 5 10 20 25
0 3 5 10 27 30
0 3 5 11 12 16
0 3 5 11 15 27
0 3 5 11 17 29
0 3 5 11 18 22
0 3 5 11 20 24
0 3 5 11 26 30
0 3 5 12 13 14
0 3 5 12 15 28
0 3 5 12 17 26
0 3 5 12 18 25
0 3 5 12 20 23
0 3 5 12 29 30
0 3 5 13 15 29
0 3 5 13 17 27
0 3 5 13 18 24
0 3 5 13 20 22
0 3 5 13 28 30
0 3 5 14 15 30
0 3 5 14 22 23
0 3 5 14 26 27
0 3 5 14 28 29
0 3 5 16 17 30
0 3 5 16 22 25
0 3 5 16 23 24
0 3 5 16 26 29
0 3 5 16 27 28
0 3 5 18 19 30
0 3 5 19 22 26
0 3 5 19 23 27
0 3 5 19 24 28
0 3 5 20 21 30
0 3 5 21 22 28
0 3 5 21 23 29
0 3 5 21 24 26
0 3 5 21 25 27
0 3 6 8 15 19
0 3 6 8 17 21
0 3 6 8 18 30
0 3 6 8 23 27
0 3 6 8 25 29
0 3 6 9 11 22
0 3 6 9 12 25
0 3 6 9 14 19
0 3 6 9 18 31
0 3 6 9 23 26
0 3 6 9 24 29
0 3 6 10 11 13
0 3 6 10 12 26
0 3 6 10 17 31
0 3 6 10 18 20
0 3 6 10 23 25
0 3 6 10 27 29
0 3 6 11 12 27
0 3 6 11 15 16
0 3 6 11 17 30
0 3 6 11 18 21
0 3 6 11 23 24
0 3 6 11 26 29
0 3 6 12 14 30
0 3 6 12 15 31
0 3 6 13 14 15
0 3 6 13 20 21
0 3 6 13 26 27
0 3 6 13 30 31
0 3 6 14 17 27
0 3 6 14 18 24
0 3 6 14 21 23
0 3 6 14 29 31
0 3 6 15 17 26
0 3 6 15 18 25
0 3 6 15 20 23
0 3 6 16 17 29
0 3 6 16 20 24
0 3 6 16 21 25
0 3 6 16 26 30
0 3 6 16 27 31
0 3 6 18 19 29
0 3 6 19 21 26
0 3 6 19 24 31
0 3 6 19 25 30
0 3 6 20 22 30
0 3 6 21 22 31
0 3 6 22 23 29
0 3 6 22 24 26
0 3 6 22 25 27
0 3 7 8 10 23
0 3 7 8 13 24
0 3 7 8 17 20
0 3 7 8 18 31
0 3 7 8 22 27
0 3 7 8 25 28
0 3 7 9 11 23
0 3 7 9 13 25
0 3 7 9 15 19
0 3 7 9 17 21
0 3 7 9 18 30
0 3 7 9 22 26
0 3 7 9 24 28
0 3 7 10 11 12
0 3 7 10 15 16
0 3 7 10 18 21
0 3 7 10 27 28
0 3 7 11 13 27
0 3 7 11 17 31
0 3 7 11 18 20
0 3 7 11 22 24
0 3 7 11 26 28
0 3 7 12 13 28
0 3 7 12 14 15
0 3 7 12 20 21
0 3 7 12 24 25
0 3 7 12 30 31
0 3 7 13 15 31
0 3 7 14 17 26
0 3 7 14 18 25
0 3 7 15 17 27
0 3 7 15 18 24
0 3 7 15 20 22
0 3 7 15 28 30
0 3 7 16 17 28
0 3 7 16 20 25
0 3 7 16 21 24
0 3 7 16 26 31
0 3 7 18 19 28
0 3 7 19 20 26
0 3 7 19 21 27
0 3 7 19 25 31
0 3 7 21 23 31
0 3 7 22 23 28
0 3 8 9 10 25
0 3 8 9 11 24
0 3 8 9 16 19
0 3 8 9 17 18
0 3 8 9 20 31
0 3 8 9 21 30
0 3 8 9 22 29
0 3 8 9 23 28
0 3 8 10 11 27
0 3 8 10 13 29
0 3 8 10 15 31
0 3 8 11 12 13
0 3 8 11 14 15
0 3 8 11 20 21
0 3 8 11 22 23
0 3 8 11 30 31
0 3 8 12 14 16
0 3 8 12 17 31
0 3 8 12 18 20
0 3 8 12 23 25
0 3 8 12 27 29
0 3 8 13 15 16
0 3 8 13 17 30
0 3 8 13 18 21
0 3 8 13 22 25
0 3 8 13 27 28
0 3 8 14 17 29
0 3 8 14 18 22
0 3 8 14 21 25
0 3 8 14 27 31
0 3 8 15 17 28
0 3 8 15 18 23
0 3 8 15 20 25
0 3 8 15 27 30
0 3 8 16 17 27
0 3 8 16 20 22
0 3 8 16 21 23
0 3 8 16 29 31
0 3 8 18 19 27
0 3 8 19 21 28
0 3 8 19 22 31
0 3 8 19 23 30
0 3 8 20 24 30
0 3 8 21 24 31
0 3 8 22 24 28
0 3 8 23 24 29
0 3 8 24 25 27
0 3 9 10 12 13
0 3 9 10 20 21
0 3 9 10 30 31
0 3 9 11 12 28
0 3 9 11 14 30
0 3 9 11 15 31
0 3 9 12 17 30
0 3 9 12 18 21
0 3 9 12 23 24
0 3 9 12 26 29
0 3 9 13 14 16
0 3 9 13 17 31
0 3 9 13 18 20
0 3 9 13 22 24
0 3 9 14 17 28
0 3 9 14 18 23
0 3 9 14 21 24
0 3 9 15 17 29
0 3 9 15 18 22
0 3 9 15 20 24
0 3 9 15 26 30
0 3 9 16 17 26
0 4 5 8 16 24
0 4 5 15 17 30
0 4 6 11 15 31
0 4 12 14 21 26
0 5 6 8 12 22
0 5 6 12 27 29
0 5 6 16 29 31
0 5 8 9 17 20
0 5 8 15 20 23
0 5 8 16 26 30
0 5 8 21 22 31
0 5 8 22 24 26
0 5 9 11 26 28
0 5 9 15 28 30
0 5 10 11 17 20
0 5 10 16 18 28
0 5 11 13 17 19
0 5 12 15 18 29
0 5 14 16 17 19
0 5 16 21 22 23
0 5 16 21 28 29
0 5 17 19 22 24
0 5 17 20 22 23
0 5 17 20 30 31
0 5 18 22 23 31
0 6 8 9 17 23
0 6 8 10 17 28
0 6 8 16 26 29
0 6 9 11 17 28
0 6 10 16 18 31
0 6 11 14 21 31
0 6 11 16 18 30
0 6 11 16 24 28
0 6 11 21 22 23
0 6 12 24 28 31
0 6 15 20 27 31
0 6 24 28 29 30
0 7 8 11 26 31
0 7 8 20 23 29
0 7 10 11 16 23
0 7 12 21 23 24
0 7 15 22 23 24
0 7 16 18 19 23
0 7 17 20 28 31
0 8 9 11 17 26
0 8 9 11 28 31
0 8 9 21 24 29
0 8 10 12 15 24
0 8 10 16 20 31
0 8 10 18 26 27
0 8 10 21 26 28
0 8 11 15 19 30
0 8 11 16 23 29
0 8 11 20 22 24
0 8 11 23 27 30
0 8 12 14 17 18
0 8 12 18 27 28
0 8 14 16 19 28
0 8 14 21 28 30
0 8 17 20 27 31
0 8 19 27 28 29
0 8 21 22 23 29
0 8 23 26 27 31
0 9 11 23 27 31
0 10 22 24 27 30
0 11 14 15 17 26
0 11 14 15 19 24
0 11 15 18 24 31
0 11 17 19 21 29
0 11 17 20 21 26
0 11 18 20 26 30
0 11 20 23 28 29
0 11 23 24 26 31
0 12 15 16 18 24
0 12 21 23 26 29
0 14 16 22 23 30
0 14 17 19 22 27
0 14 18 23 29 31
0 14 19 23 28 31
0 15 16 26 27 31
0 16 18 21 27 29
0 16 21 23 29 30
1 2 8 16 17 27
1 2 12 15 16 25
1 4 23 26 28 29
1 4 23 26 30 31
1 4 25 28 30 31
1 5 6 7 8 12
1 5 6 7 9 13
1 5 6 7 10 22
1 5 6 7 11 23
1 5 6 7 16 20
1 5 6 7 17 21
1 5 6 7 18 30
1 5 6 7 19 31
1 5 6 7 24 28
1 5 6 7 25 29
1 5 6 8 9 10
1 5 6 8 11 24
1 5 6 8 13 22
1 5 6 8 14 21
1 5 6 8 16 19
1 5 6 8 20 31
1 5 6 8 23 28
1 5 6 8 25 26
1 5 6 9 11 25
1 5 6 9 12 22
1 5 6 9 15 21
1 5 6 9 16 18
1 5 6 9 20 30
1 5 6 9 23 29
1 5 6 9 24 26
1 5 6 10 11 26
1 5 6 10 12 13
1 5 6 10 14 15
1 5 6 10 18 19
1 5 6 10 24 25
1 5 6 10 28 29
1 5 6 10 30 31
1 5 6 11 12 28
1 5 6 11 13 29
1 5 6 11 14 30
1 5 6 11 15 31
1 5 6 12 14 17
1 5 6 12 16 31
1 5 6 12 19 20
1 5 6 12 23 24
1 5 6 12 26 29
1 5 6 13 15 17
1 5 6 13 16 30
1 5 6 13 23 25
1 5 6 13 26 28
1 5 6 14 16 29
1 5 6 14 18 23
1 5 6 14 20 25
1 5 6 14 26 31
1 5 6 15 16 28
1 5 6 15 19 23
1 5 6 15 20 24
1 5 6 15 26 30
1 5 6 16 17 26
1 5 6 17 18 24
1 5 6 17 19 25
1 5 6 17 28 30
1 5 6 17 29 31
1 5 6 18 21 28
1 5 6 18 22 31
1 5 6 19 21 29
1 5 6 19 22 30
1 5 6 20 21 26
1 5 6 21 24 30
1 5 6 21 25 31
1 5 6 22 23 26
1 5 6 22 24 29
1 5 7 8 10 24
1 5 7 8 13 23
1 5 7 8 15 21
1 5 7 8 16 18
1 5 7 8 20 30
1 5 7 8 22 28
1 5 7 8 25 27
1 5 7 18 21 29
1 5 7 18 23 31
1 5 7 19 21 28
1 5 7 19 23 30
1 5 7 20 21 27
1 5 7 22 23 27
1 5 7 23 24 29
1 5 8 9 12 24
1 5 8 9 13 25
1 5 8 9 16 20
1 5 8 9 17 21
1 5 8 9 18 30
1 5 8 9 19 31
1 5 8 9 22 26
1 5 8 9 23 27
1 5 8 10 11 12
1 5 8 10 13 26
1 5 8 10 14 17
1 5 8 22 24 27
1 5 10 13 20 30
1 5 10 13 22 28
1 5 10 13 25 27
1 5 10 14 16 25
1 5 10 14 18 27
1 5 10 15 16 24
1 5 10 15 19 27
1 5 10 15 22 30
1 5 10 16 17 22
1 5 10 17 18 28
1 5 10 17 19 29
1 5 10 17 24 30
1 5 10 17 25 31
1 5 10 18 21 24
1 5 10 18 26 31
1 5 10 19 21 25
1 5 10 19 26 30
1 5 10 20 21 22
1 5 11 19 21 24
1 5 12 15 24 30
1 5 14 21 23 25
1 5 14 21 26 28
1 5 14 21 27 29
1 5 14 22 27 30
1 5 14 23 26 30
1 5 14 24 29 30
1 5 14 25 28 30
1 5 15 16 17 19
1 5 15 17 22 29
1 5 15 17 23 28
1 5 15 17 24 27
1 5 15 17 25 26
1 5 15 19 20 21
1 5 15 19 30 31
1 5 15 21 22 25
1 5 15 21 23 24
1 5 15 21 26 29
1 5 15 21 27 28
1 5 15 22 27 31
1 5 15 23 26 31
1 5 15 24 29 31
1 5 15 25 28 31
1 5 16 18 19 20
1 5 16 18 22 25
1 5 16 18 23 24
1 5 16 18 26 29
1 5 16 18 27 28
1 5 16 19 22 24
1 5 16 19 23 25
1 5 16 19 26 28
1 5 16 19 27 29
1 5 16 20 22 23
1 5 16 20 24 25
1 5 16 20 26 27
1 5 16 20 28 29
1 5 16 20 30 31
1 5 16 22 28 31
1 5 16 22 29 30
1 5 16 23 28 30
1 5 16 23 29 31
1 5 16 24 26 31
1 5 16 24 27 30
1 5 16 25 26 30
1 5 16 25 27 31
1 5 17 18 19 21
1 5 17 21 22 23
1 5 17 21 24 25
1 5 17 21 26 27
1 5 17 21 28 29
1 5 17 21 30 31
1 5 18 19 22 26
1 5 18 19 23 27
1 5 18 19 24 28
1 5 18 19 25 29
1 5 18 20 22 29
1 5 18 20 23 28
1 5 18 20 24 27
1 5 18 20 25 26
1 5 18 22 23 30
1 5 18 24 25 30
1 5 18 26 27 30
1 5 18 28 29 30
1 5 19 20 22 28
1 5 19 20 23 29
1 5 19 20 24 26
1 5 19 20 25 27
1 5 19 22 23 31
1 5 19 24 25 31
1 5 19 26 27 31
1 5 19 28 29 31
1 5 20 22 24 31
1 5 20 22 25 30
1 5 20 23 24 30
1 5 20 23 25 31
1 5 20 26 28 31
1 5 20 26 29 30
1 5 20 27 28 30
1 5 20 27 29 31
1 5 22 23 24 28
1 5 22 23 25 29
1 5 22 24 25 26
1 5 22 26 28 29
1 5 22 26 30 31
1 5 23 24 25 27
1 5 23 27 28 29
1 5 23 27 30 31
1 5 24 26 27 28
1 5 24 28 30 31
1 5 25 26 27 29
1 5 25 29 30 31
1 6 7 13 20 24
1 6 7 13 26 30
1 6 7 13 27 31
1 6 7 14 16 31
1 6 7 14 17 30
1 6 7 14 18 21
1 6 7 14 19 20
1 6 7 14 26 29
1 6 7 14 27 28
1 6 7 15 16 30
1 6 7 15 17 31
1 6 7 15 18 20
1 6 7 15 19 21
1 6 7 15 26 28
1 6 7 15 27 29
1 6 7 18 22 29
1 6 7 18 23 28
1 6 7 19 22 28
1 6 7 19 23 29
1 6 7 20 22 27
1 6 7 20 23 26
1 6 7 21 22 26
1 6 7 21 23 27
1 6 7 22 24 31
1 6 7 22 25 30
1 6 7 23 24 30
1 6 7 23 25 31
1 6 8 9 16 23
1 6 8 9 17 22
1 6 8 9 18 29
1 6 8 9 19 28
1 6 8 9 20 27
1 6 8 9 21 26
1 6 8 10 11 15
1 6 8 10 13 17
1 6 8 10 14 26
1 6 8 10 16 28
1 6 8 10 19 23
1 6 15 20 26 31
1 6 16 20 29 31
1 6 17 22 26 27
1 6 17 22 28 29
1 6 17 22 30 31
1 6 18 19 20 27
1 6 18 19 21 26
1 6 18 19 24 31
1 6 18 19 25 30
1 6 18 20 21 29
1 6 18 20 23 31
1 6 18 21 23 30
1 6 18 23 24 27
1 6 18 23 25 26
1 6 18 26 27 29
1 6 18 29 30 31
1 6 19 20 23 30
1 6 19 21 23 31
1 6 19 23 24 26
1 6 19 23 25 27
1 6 19 24 25 28
1 6 19 26 27 28
1 7 8 9 14 24
1 7 8 9 15 25
1 7 8 9 16 22
1 7 8 9 17 23
1 7 8 9 18 28
1 7 8 9 19 29
1 7 8 9 20 26
1 7 8 9 21 27
1 7 8 10 11 14
1 7 8 10 15 26
1 7 8 10 16 29
1 7 8 10 19 22
1 7 8 10 20 25
1 7 8 10 27 30
1 7 8 11 13 17
1 7 8 11 15 27
1 7 8 11 16 28
1 7 8 11 18 22
1 7 8 11 21 25
1 7 8 11 26 30
1 7 8 12 13 14
1 7 8 12 15 28
1 7 8 12 16 27
1 7 8 12 18 25
1 7 8 12 21 22
1 7 8 12 29 30
1 7 8 13 15 29
1 7 8 13 16 26
1 7 8 13 19 25
1 7 8 13 20 22
1 7 8 13 28 30
1 7 8 14 15 30
1 7 8 14 18 19
1 7 8 14 20 21
1 7 8 14 26 27
1 7 8 14 28 29
1 7 8 16 17 30
1 7 8 17 18 20
1 7 8 17 19 21
1 7 8 17 26 28
1 7 8 17 27 29
1 7 8 18 23 26
1 7 8 18 24 29
1 7 8 19 23 27
1 7 8 19 24 28
1 7 8 20 23 28
1 7 8 20 24 27
1 7 8 21 23 29
1 7 8 21 24 26
1 7 8 22 23 30
1 7 8 24 25 30
1 7 9 10 11 15
1 7 9 10 13 17
1 7 9 10 16 28
1 7 9 10 18 22
1 7 9 10 20 24
1 7 9 10 27 31
1 7 9 11 12 17
1 7 9 11 14 27
1 7 9 11 16 29
1 7 9 11 19 22
1 7 9 11 21 24
1 7 9 11 26 31
1 7 9 12 13 15
1 7 9 12 14 28
1 7 9 12 16 26
1 7 9 12 18 24
1 7 9 12 20 22
1 7 9 12 29 31
1 7 9 13 16 27
1 7 9 13 19 24
1 7 9 13 21 22
1 7 9 13 28 31
1 7 9 14 15 31
1 7 9 15 18 19
1 7 9 15 20 21
1 7 9 15 26 27
1 7 9 15 28 29
1 7 9 16 17 31
1 7 9 17 18 21
1 7 9 17 19 20
1 7 9 17 26 29
1 7 9 17 27 28
1 7 9 18 23 27
1 7 9 18 25 29
1 7 9 20 23 29
1 7 9 20 25 27
1 7 9 21 23 28
1 7 9 21 25 26
1 7 9 22 23 31
1 7 9 24 25 31
1 7 10 11 16 22
1 7 10 11 17 23
1 7 10 11 18 28
1 7 10 11 19 29
1 7 10 11 24 30
1 7 10 11 25 31
1 7 10 12 14 23
1 7 10 12 16 25
1 7 10 12 18 27
1 7 10 12 20 29
1 7 10 12 22 31
1 7 10 13 15 23
1 7 10 13 16 24
1 7 10 13 19 27
1 7 10 13 20 28
1 7 10 13 22 30
1 7 10 14 16 19
1 7 10 14 20 31
1 7 10 14 22 29
1 7 10 14 24 27
1 7 10 15 16 18
1 7 10 15 20 30
1 7 10 15 22 28
1 7 10 15 25 27
1 7 10 16 17 20
1 7 10 17 18 30
1 7 10 17 19 31
1 7 10 17 24 28
1 7 10 17 25 29
1 7 10 18 23 24
1 7 10 18 26 29
1 7 10 19 26 28
1 7 10 20 22 23
1 7 10 20 26 27
1 7 10 23 28 30
1 7 10 23 29 31
1 7 10 24 26 31
1 7 10 25 26 30
1 7 11 12 15 23
1 7 11 12 16 24
1 7 11 12 18 26
1 7 11 12 21 29
1 7 11 12 22 30
1 7 11 13 14 23
1 7 11 13 16 25
1 7 11 13 19 26
1 7 11 13 21 28
1 7 11 13 22 31
1 7 11 14 16 18
1 7 11 14 21 31
1 7 11 14 22 28
1 7 11 14 24 26
1 7 11 15 16 19
1 7 11 15 21 30
1 7 11 15 22 29
1 7 11 15 25 26
1 7 11 16 17 21
1 7 11 17 18 31
1 7 11 17 19 30
1 7 11 17 24 29
1 7 11 17 25 28
1 7 11 18 23 25
1 7 11 18 27 29
1 7 11 19 23 24
1 7 11 19 27 28
1 7 11 21 22 23
1 7 11 21 26 27
1 7 11 23 28 31
1 7 11 23 29 30
1 7 11 24 27 31
1 7 11 25 27 30
1 7 12 13 16 22
1 7 12 13 17 23
1 7 12 13 20 26
1 7 12 13 21 27
1 7 12 13 24 30
1 7 12 13 25 31
1 7 12 14 16 21
1 7 12 14 18 31
1 7 12 14 22 27
1 7 12 14 24 29
1 7 12 15 16 20
1 7 12 15 18 30
1 7 12 15 22 26
1 7 12 15 25 29
1 7 12 16 17 18
1 7 12 17 20 30
1 7 12 17 21 31
1 7 12 17 24 26
1 7 12 17 25 27
1 7 12 18 22 23
1 7 12 18 28 29
1 7 12 20 23 24
1 7 12 20 27 28
1 7 12 21 23 25
1 7 12 21 26 28
1 7 12 23 26 30
1 7 12 23 27 31
1 7 12 24 28 31
1 7 12 25 28 30
1 7 13 14 16 20
1 7 13 14 19 31
1 7 13 14 24 28
1 7 13 15 16 21
1 7 13 15 19 30
1 7 13 15 22 27
1 7 13 15 25 28
1 7 13 16 17 19
1 7 13 17 20 31
1 7 13 17 24 27
1 7 13 17 25 26
1 7 13 19 22 23
1 7 13 19 28 29
1 7 13 20 23 25
1 7 13 20 27 29
1 7 13 21 23 24
1 7 13 21 26 29
1 7 13 23 26 31
1 7 13 23 27 30
1 7 13 24 29 31
1 7 13 25 29 30
1 7 14 15 16 22
1 7 14 15 17 23
1 7 14 15 18 28
1 7 14 15 19 29
1 7 14 15 20 26
1 7 14 15 21 27
1 7 14 16 17 24
1 7 14 17 18 26
1 7 14 17 19 27
1 7 14 17 20 28
1 7 14 17 21 29
1 7 14 18 20 23
1 7 14 18 29 30
1 7 14 19 21 23
1 7 14 19 28 30
1 7 14 20 27 30
1 7 14 21 26 30
1 7 14 22 23 24
1 7 14 23 26 28
1 7 14 23 27 29
1 7 14 24 30 31
1 7 15 16 17 25
1 7 15 17 18 27
1 7 15 17 19 26
1 7 15 17 20 29
1 7 15 17 21 28
1 7 15 18 21 23
1 7 15 18 29 31
1 7 15 19 20 23
1 7 15 19 28 31
1 7 15 20 27 31
1 7 15 21 26 31
1 7 15 22 23 25
1 7 15 23 26 29
1 7 15 23 27 28
1 7 15 25 30 31
1 7 16 18 19 22
1 7 16 18 20 25
1 7 16 18 21 24
1 7 16 18 26 31
1 7 16 18 27 30
1 7 16 19 20 24
1 7 16 19 21 25
1 7 16 19 26 30
1 7 16 19 27 31
1 7 16 20 21 22
1 7 16 20 28 31
1 7 16 20 29 30
1 7 16 21 28 30
1 7 16 21 29 31
1 7 16 22 24 25
1 7 16 22 26 27
1 7 16 22 28 29
1 7 16 22 30 31
1 7 16 24 26 29
1 7 16 24 27 28
1 7 16 25 26 28
1 7 16 25 27 29
1 7 17 18 19 23
1 7 17 20 21 23
1 7 17 23 24 25
1 8 11 17 22 28
1 8 15 17 20 26
1 8 15 24 26 29
1 8 23 28 29 30
1 9 13 21 24 25
1 10 22 23 28 31
1 11 13 15 20 21
1 11 13 15 22 23
1 11 13 15 24 25
1 11 13 16 17 31
1 11 13 17 18 21
1 11 13 17 19 20
1 11 13 17 22 25
1 11 13 17 23 24
1 11 13 18 23 27
1 11 13 18 25 29
1 11 13 19 22 27
1 11 13 19 24 29
1 11 13 20 25 27
1 11 13 21 22 29
1 11 13 21 24 27
1 11 13 26 27 31
1 11 13 28 29 31
1 11 14 15 16 26
1 11 14 15 17 27
1 11 14 15 18 24
1 11 14 15 19 25
1 11 14 15 20 22
1 11 14 15 21 23
1 11 14 16 17 28
1 11 14 17 18 22
1 11 14 17 19 23
1 11 14 17 20 24
1 11 14 17 21 25
1 11 14 18 20 27
1 11 14 18 25 30
1 11 14 19 21 27
1 11 14 19 24 30
1 11 14 20 23 30
1 11 14 21 22 30
1 11 14 22 24 27
1 11 14 23 25 27
1 11 14 26 27 28
1 11 14 28 30 31
1 11 15 16 17 29
1 11 15 17 18 23
1 11 15 17 19 22
1 11 15 17 20 25
1 11 15 17 21 24
1 11 15 18 21 27
1 11 15 18 25 31
1 11 15 19 20 27
1 11 15 19 24 31
1 11 15 20 23 31
1 11 15 21 22 31
1 11 15 22 25 27
1 11 15 23 24 27
1 11 15 26 27 29
1 11 15 29 30 31
1 11 16 18 19 26
1 11 16 18 20 29
1 11 16 18 21 28
1 11 16 18 22 31
1 11 16 18 23 30
1 11 16 19 20 28
1 11 16 19 21 29
1 11 16 19 22 30
1 11 16 19 23 31
1 11 16 20 21 26
1 11 16 20 24 31
1 11 16 20 25 30
1 11 16 21 24 30
1 11 16 21 25 31
1 11 16 22 23 26
1 11 16 22 24 29
1 11 16 22 25 28
1 11 16 23 24 28
1 11 16 23 25 29
1 11 16 24 25 26
1 11 16 26 28 29
1 11 16 26 30 31
1 11 17 18 19 27
1 11 17 20 21 27
1 11 17 22 23 27
1 11 17 24 25 27
1 11 17 27 28 29
1 11 17 27 30 31
1 11 18 19 20 22
1 11 18 19 21 23
1 11 18 19 28 30
1 11 18 19 29 31
1 11 18 20 21 24
1 11 18 20 26 31
1 11 18 21 26 30
1 11 18 22 23 24
1 11 18 22 26 29
1 11 18 23 26 28
1 11 18 24 28 29
1 11 18 24 30 31
1 11 19 20 21 25
1 11 19 20 26 30
1 11 19 21 26 31
1 11 19 22 23 25
1 11 19 22 26 28
1 11 19 23 26 29
1 11 19 25 28 29
1 11 19 25 30 31
1 11 20 21 28 30
1 11 20 21 29 31
1 11 20 22 24 25
1 11 20 22 28 29
1 11 20 22 30 31
1 11 20 24 26 29
1 11 20 25 26 28
1 11 21 23 24 25
1 11 21 23 28 29
1 11 21 23 30 31
1 11 21 24 26 28
1 11 21 25 26 29
1 11 22 23 28 30
1 11 22 23 29 31
1 11 22 24 26 31
1 11 22 25 26 30
1 11 23 24 26 30
1 11 23 25 26 31
1 11 24 25 28 30
1 12 13 14 16 31
1 12 13 14 17 30
1 12 13 14 19 20
1 12 13 14 22 25
1 12 13 14 23 24
1 12 13 15 16 30
1 12 13 15 17 31
1 12 13 15 18 20
1 12 13 15 19 21
1 12 13 15 22 24
1 12 13 15 23 25
1 12 13 18 22 29
1 12 13 18 23 28
1 12 13 19 22 28
1 12 13 19 23 29
1 12 13 20 24 29
1 12 13 21 24 28
1 12 13 26 28 31
1 12 13 26 29 30
1 12 13 27 28 30
1 12 13 27 29 31
1 12 14 15 16 29
1 12 14 15 17 28
1 12 14 15 18 23
1 12 14 15 19 22
1 12 14 15 21 24
1 12 14 16 17 27
1 12 14 17 18 25
1 12 14 17 19 24
1 12 14 17 20 23
1 12 14 17 21 22
1 12 14 18 20 28
1 12 14 18 22 30
1 12 14 19 21 28
1 12 14 19 23 30
1 12 14 20 24 30
1 12 14 21 25 30
1 12 14 22 24 28
1 12 14 23 25 28
1 12 24 25 26 31
1 12 24 25 27 30
1 13 14 15 16 28
1 13 14 15 17 29
1 13 14 15 18 22
1 13 14 15 20 24
1 13 14 15 21 25
1 13 14 16 17 26
1 13 14 17 18 24
1 13 14 17 19 25
1 13 14 17 20 22
1 13 14 17 21 23
1 13 14 18 20 29
1 13 14 18 23 30
1 13 14 19 21 29
1 13 14 19 22 30
1 13 14 21 24 30
1 13 14 22 24 29
1 13 14 26 28 29
1 13 14 26 30 31
1 13 15 16 17 27
1 13 15 17 18 25
1 13 15 17 19 24
1 13 15 17 20 23
1 13 15 17 21 22
1 13 15 18 21 29
1 13 15 18 23 31
1 13 15 19 20 29
1 13 15 19 22 31
1 13 15 20 25 31
1 13 15 21 24 31
1 13 15 22 25 29
1 13 15 23 24 29
1 13 15 27 28 29
1 13 15 27 30 31
1 13 16 18 19 28
1 13 16 18 20 27
1 13 16 18 21 26
1 13 17 22 23 29
1 13 17 24 25 29
1 13 17 26 27 29
1 13 17 29 30 31
1 13 18 19 20 24
1 13 18 19 21 25
1 13 18 19 26 30
1 13 18 19 27 31
1 13 18 20 21 22
1 13 18 20 28 31
1 13 19 20 21 23
1 13 19 20 28 30
1 14 16 21 23 28
1 15 17 20 21 31
1 15 18 23 28 30
1 15 22 23 27 29
1 16 17 27 28 30
2 3 10 13 26 29
2 4 16 22 23 30
2 5 6 22 27 29
2 5 8 11 13 24
2 5 8 11 19 30
2 5 8 17 24 31
2 5 8 20 21 23
2 5 11 12 16 17
2 5 12 18 23 31
2 5 18 21 24 25
2 5 18 21 26 27
2 5 18 21 28 29
2 5 18 21 30 31
2 5 19 20 22 23
2 5 19 20 24 25
2 5 19 20 26 27
2 5 19 20 28 29
2 5 19 20 30 31
2 5 19 22 28 31
2 5 19 22 29 30
2 5 19 23 28 30
2 5 19 23 29 31
2 5 19 24 26 31
2 5 19 24 27 30
2 5 19 25 26 30
2 5 19 25 27 31
2 5 20 22 26 30
2 5 20 22 27 31
2 5 20 23 26 31
2 5 20 23 27 30
2 5 20 24 28 30
2 5 20 24 29 31
2 5 20 25 28 31
2 5 20 25 29 30
2 5 22 23 26 29
2 5 22 23 27 28
2 5 22 25 26 27
2 5 22 25 28 29
2 5 22 25 30 31
2 5 23 24 26 27
2 5 23 24 28 29
2 5 23 24 30 31
2 5 24 25 26 29
2 5 24 25 27 28
2 5 26 29 30 31
2 5 27 28 30 31
2 6 7 8 28 30
2 6 8 9 10 14
2 6 8 9 11 15
2 6 8 9 17 29
2 6 8 9 18 22
2 6 8 9 19 23
2 6 8 9 26 30
2 6 8 9 27 31
2 6 8 10 13 18
2 6 8 10 15 24
2 6 8 10 16 23
2 6 8 10 19 28
2 6 8 10 20 27
2 6 8 10 25 30
2 6 8 11 12 18
2 6 8 11 14 24
2 6 9 22 29 31
2 6 9 25 26 31
2 6 9 25 27 30
2 6 10 11 14 26
2 6 10 11 15 27
2 6 10 11 16 28
2 6 10 11 17 29
2 6 10 11 18 22
2 6 10 11 19 23
2 6 10 11 20 24
2 6 10 11 21 25
2 6 10 12 13 14
2 6 10 12 15 28
2 6 12 18 21 30
2 6 15 21 24 31
2 6 16 26 27 28
2 6 21 23 27 28
2 7 8 10 16 22
2 8 9 13 14 25
2 8 9 16 25 27
2 8 9 17 25 26
2 8 9 20 23 25
2 8 9 21 22 25
2 8 9 25 28 31
2 8 9 25 29 30
2 8 10 11 19 25
2 8 10 12 20 25
2 8 10 13 21 25
2 8 10 14 16 31
2 8 10 14 22 25
2 8 10 15 23 25
2 8 10 16 24 25
2 8 11 12 21 25
2 8 11 13 20 25
2 8 11 14 23 25
2 8 11 15 22 25
2 8 11 17 24 25
2 8 11 18 23 29
2 8 12 24 25 30
2 8 13 24 25 31
2 8 14 15 19 25
2 8 14 24 25 28
2 8 15 17 18 23
2 8 15 17 21 24
2 8 15 18 21 27
2 8 15 24 25 29
2 8 16 17 19 25
2 8 16 19 22 30
2 8 16 20 25 30
2 8 16 21 25 31
2 8 16 22 25 28
2 8 16 23 25 29
2 8 17 20 25 31
2 8 17 21 25 30
2 8 17 22 25 29
2 8 17 23 25 28
2 8 19 20 21 25
2 8 19 22 23 25
2 8 19 25 26 27
2 8 19 25 28 29
2 8 19 25 30 31
2 8 20 25 26 28
2 8 20 25 27 29
2 8 21 25 26 29
2 8 21 25 27 28
2 8 22 25 26 30
2 8 22 25 27 31
2 8 23 25 26 31
2 8 23 25 27 30
2 9 10 17 24 25
2 9 10 20 25 29
2 9 10 21 25 28
2 9 10 22 25 31
2 9 10 23 25 30
2 9 11 16 24 25
2 9 11 18 20 31
2 9 11 20 25 28
2 9 11 21 25 29
2 9 11 22 25 30
2 9 11 23 25 31
2 9 12 13 18 25
2 9 12 16 23 25
2 9 12 17 22 25
2 9 12 21 25 26
2 9 12 24 25 31
2 9 13 17 23 25
2 9 13 20 25 26
2 9 13 24 25 30
2 9 14 15 18 25
2 9 14 16 21 25
2 9 14 17 20 25
2 9 14 22 25 27
2 9 14 23 25 26
2 9 14 24 25 29
2 9 15 16 20 25
2 9 15 17 21 25
2 9 15 23 25 27
2 9 15 24 25 28
2 9 16 17 18 25
2 9 18 22 23 25
2 9 18 25 26 27
2 9 18 25 28 29
2 10 11 12 25 31
2 10 11 13 25 30
2 10 11 14 25 29
2 10 11 15 25 28
2 10 11 16 25 27
2 10 11 17 25 26
2 10 12 13 17 25
2 10 12 15 25 27
2 10 12 16 25 28
2 10 12 18 22 25
2 10 12 24 26 31
2 10 12 25 26 30
2 10 13 14 25 27
2 10 13 16 25 29
2 10 13 18 23 25
2 10 14 15 17 25
2 10 14 16 25 30
2 10 14 18 20 25
2 10 14 25 26 28
2 10 15 16 25 31
2 10 15 18 21 25
2 10 15 25 26 29
2 10 17 20 21 25
2 10 17 22 23 25
2 10 17 25 28 29
2 10 18 24 25 26
2 11 16 17 19 26
2 11 16 21 26 31
2 13 16 17 25 30
2 13 16 19 20 25
2 13 16 23 24 25
2 13 17 19 21 25
2 13 17 22 24 25
2 13 17 25 26 28
2 13 19 22 24 27
2 13 19 22 25 26
2 13 19 23 24 26
2 13 19 23 25 27
2 13 19 24 25 28
2 13 19 26 27 28
2 13 19 28 30 31
2 13 20 21 24 31
2 13 20 21 25 30
2 13 20 22 23 27
2 13 20 22 24 28
2 13 20 23 25 28
2 13 20 24 25 27
2 13 20 27 30 31
2 13 21 22 23 26
2 13 21 22 25 28
2 13 21 23 24 28
2 13 21 24 25 26
2 13 21 26 30 31
2 13 22 23 24 31
2 13 22 23 25 30
2 13 22 26 28 30
2 13 22 27 28 31
2 13 23 26 28 31
2 13 23 27 28 30
2 13 24 26 27 31
2 13 25 26 27 30
2 14 15 16 20 30
2 14 15 16 21 31
2 14 15 17 20 31
2 14 15 17 21 30
2 14 15 22 26 30
2 14 15 22 27 31
2 14 15 23 26 31
2 14 15 23 27 30
2 14 15 24 28 30
2 14 15 24 29 31
2 14 15 25 28 31
2 14 16 17 18 30
2 14 16 17 19 31
2 14 16 17 22 26
2 14 16 17 23 27
2 14 16 17 24 28
2 14 16 17 25 29
2 14 16 19 22 24
2 14 16 19 23 25
2 14 16 19 27 29
2 14 16 20 22 23
2 14 16 20 24 25
2 14 16 20 26 27
2 14 16 20 28 29
2 14 16 22 28 31
2 14 17 21 24 25
2 14 17 22 29 31
2 14 17 23 28 31
2 14 17 24 27 31
2 14 17 25 26 31
2 14 18 20 21 30
2 14 18 22 23 30
2 14 18 24 25 30
2 14 18 26 27 30
2 14 18 28 29 30
2 14 19 20 21 31
2 14 19 20 22 28
2 14 19 20 23 29
2 14 19 20 24 26
2 14 19 20 25 27
2 14 19 21 22 29
2 14 19 21 23 28
2 14 19 21 24 27
2 14 19 21 25 26
2 14 19 22 23 31
2 14 19 26 27 31
2 14 20 21 25 29
2 14 20 23 25 31
2 14 21 22 25 31
2 15 16 22 28 30
2 15 19 26 27 30
2 15 21 26 29 30
2 17 18 20 25 29
2 17 18 21 25 28
2 17 18 22 25 31
2 17 18 23 25 30
2 18 19 20 23 25
2 18 19 21 22 25
2 18 19 25 28 31
2 18 19 25 29 30
2 18 20 25 26 30
2 18 20 25 27 31
2 18 21 25 26 31
2 18 21 25 27 30
2 18 22 25 26 28
2 18 22 25 27 29
2 18 23 25 26 29
2 18 23 25 27 28
3 4 5 8 18 25
3 4 5 10 16 25
3 4 5 11 17 25
3 4 5 12 25 30
3 4 5 14 25 28
3 4 5 15 25 29
3 4 5 20 22 25
3 4 5 21 23 25
3 4 8 10 25 29
3 4 8 11 25 28
3 4 8 12 25 27
3 4 8 13 25 26
3 4 8 14 17 25
3 4 8 15 16 25
3 4 8 23 24 25
3 4 9 10 12 25
3 4 9 11 13 25
3 4 9 16 25 30
3 4 9 17 25 31
3 4 9 22 24 25
3 4 9 25 26 28
3 4 9 25 27 29
3 4 10 11 22 25
3 4 10 15 18 25
3 4 10 19 25 30
3 4 11 12 24 25
3 4 11 14 18 25
3 4 11 16 20 25
3 4 11 19 25 31
3 4 12 14 21 25
3 4 12 16 19 25
3 4 12 23 25 28
3 4 13 15 21 25
3 4 13 23 25 29
3 4 14 15 22 25
3 4 14 20 25 29
3 4 14 23 25 30
3 4 15 19 25 27
3 4 15 23 25 31
3 4 16 21 25 26
3 4 16 24 25 31
3 4 17 18 25 28
3 4 17 21 25 27
3 4 18 21 24 25
3 4 18 25 26 31
3 4 18 25 27 30
3 4 19 20 24 25
3 4 21 25 28 30
3 4 21 25 29 31
3 4 22 25 26 27
3 4 24 25 26 29
3 4 24 25 27 28
3 5 6 7 27 29
3 5 8 10 25 28
3 5 8 11 25 29
3 5 8 12 25 26
3 5 8 13 25 27
3 5 8 14 16 25
3 5 8 15 17 25
3 5 8 22 24 25
3 5 9 10 13 25
3 5 9 11 12 25
3 5 9 16 25 31
3 5 9 17 25 30
3 5 9 25 27 28
3 5 10 12 24 25
3 5 10 14 18 25
3 5 10 17 21 25
3 5 10 19 25 31
3 5 11 13 24 25
3 5 11 15 18 25
3 5 11 16 21 25
3 5 11 19 25 30
3 5 11 22 25 27
3 5 12 14 20 25
3 5 12 22 25 28
3 5 13 15 20 25
3 5 13 16 19 25
3 5 13 21 25 30
3 5 13 22 25 29
3 5 14 15 23 25
3 5 14 16 20 21
3 5 14 16 30 31
3 5 14 19 22 28
3 5 14 19 23 29
3 5 14 19 24 26
3 5 14 19 25 27
3 5 14 21 22 26
3 5 14 21 23 27
3 5 14 21 24 28
3 5 14 22 25 30
3 5 14 23 24 30
3 5 14 26 29 30
3 5 14 27 28 30
3 5 15 17 18 19
3 5 15 17 20 21
3 5 15 17 30 31
3 5 15 19 22 29
3 5 15 19 23 28
3 5 15 19 24 27
3 5 15 19 25 26
3 5 15 21 22 27
3 5 15 21 23 26
3 5 15 21 24 29
3 5 15 21 25 28
3 5 15 22 25 31
3 5 15 23 24 31
3 5 15 26 29 31
3 5 15 27 28 31
3 5 16 17 18 20
3 5 16 17 19 21
3 5 16 17 22 24
3 5 16 17 23 25
3 5 16 17 26 28
3 5 16 17 27 29
3 5 16 18 22 27
3 5 16 18 23 26
3 5 16 18 24 29
3 5 16 18 25 28
3 5 16 20 22 29
3 5 16 20 23 28
3 5 16 20 24 27
3 5 16 20 25 26
3 5 16 22 23 30
3 5 16 24 25 30
3 5 16 26 27 30
3 5 17 18 22 26
3 5 17 18 24 28
3 5 17 20 23 29
3 5 17 20 24 26
3 5 17 20 25 27
3 5 17 22 23 31
3 5 17 24 25 31
3 5 17 26 27 31
3 5 17 28 29 31
3 5 18 20 22 23
3 5 18 20 24 25
3 5 18 20 26 27
3 5 18 20 28 29
3 5 18 20 30 31
3 5 18 22 28 31
3 5 18 22 29 30
3 5 18 23 29 31
3 5 18 24 26 31
3 5 18 24 27 30
3 5 18 25 26 30
3 5 18 25 27 31
3 5 19 21 22 23
3 5 19 21 24 25
3 5 19 21 26 27
3 5 19 21 28 29
3 5 19 21 30 31
3 5 20 22 26 31
3 5 20 22 27 30
3 5 20 23 26 30
3 5 20 23 27 31
3 5 20 24 28 31
3 6 9 10 14 25
3 6 9 16 25 28
3 6 9 17 25 29
3 6 9 20 24 25
3 6 9 25 27 31
3 6 10 13 18 25
3 6 10 15 24 25
3 6 10 21 25 26
3 6 11 12 18 25
3 6 11 16 22 25
3 6 11 19 25 29
3 6 11 21 25 27
3 6 12 13 20 25
3 6 12 14 23 25
3 6 12 15 23 24
3 6 12 15 26 29
3 6 12 17 22 23
3 6 12 17 28 29
3 6 12 19 20 31
3 6 12 19 21 30
3 6 12 19 25 26
3 6 12 20 22 26
3 6 12 20 24 28
3 6 12 21 22 27
3 6 12 21 25 28
3 6 12 22 24 30
3 6 12 22 25 31
3 6 12 26 28 30
3 6 12 27 28 31
3 6 13 14 16 31
3 6 13 14 18 21
3 6 13 15 16 30
3 6 13 15 18 20
3 6 13 19 20 30
3 6 13 19 24 26
3 6 13 19 25 27
3 6 13 20 22 27
3 6 13 20 24 29
3 6 13 21 22 26
3 6 13 21 25 29
3 6 13 22 24 31
3 6 13 26 29 30
3 6 13 27 29 31
3 6 14 15 16 29
3 6 14 15 17 28
3 6 14 15 18 23
3 6 14 15 19 22
3 6 14 15 20 25
3 6 14 15 21 24
3 6 14 16 19 25
3 6 14 16 20 22
3 6 14 16 28 30
3 6 14 17 19 24
3 6 14 17 21 22
3 6 14 17 29 30
3 6 14 18 19 27
3 6 14 19 20 29
3 6 14 19 21 28
3 6 14 20 24 30
3 6 14 21 25 30
3 6 14 22 23 27
3 6 14 22 24 28
3 6 14 22 25 29
3 6 14 27 30 31
3 6 15 16 19 24
3 6 15 16 21 22
3 6 15 16 28 31
3 6 15 17 20 22
3 6 15 18 19 26
3 6 15 19 20 28
3 6 15 19 21 29
3 6 15 20 24 31
3 6 15 22 23 26
3 6 15 22 24 29
3 12 14 17 23 30
3 12 14 18 19 25
3 12 14 19 20 23
3 12 14 19 21 22
3 12 14 20 26 30
3 12 14 21 27 30
3 12 15 17 19 27
3 12 15 17 23 31
3 12 15 18 19 24
3 12 15 19 20 22
3 12 15 19 21 23
3 12 15 20 26 31
3 12 15 21 27 31
3 12 15 24 30 31
3 12 16 17 18 29
3 12 16 17 20 27
3 12 16 17 21 26
3 12 16 17 24 31
3 12 16 17 25 30
3 12 16 18 20 24
3 12 16 18 21 25
3 12 16 18 27 31
3 12 16 20 21 23
3 12 16 20 29 31
3 12 16 21 29 30
3 12 16 23 24 25
3 12 16 23 26 27
3 12 16 24 27 29
3 12 17 18 20 25
3 12 17 18 21 24
3 12 17 18 27 30
3 12 17 20 21 22
3 12 17 20 29 30
3 12 17 21 29 31
3 12 17 22 24 25
3 12 17 22 26 27
3 12 17 22 30 31
3 12 17 25 27 29
3 12 18 20 21 29
3 12 18 20 22 30
3 12 18 20 23 31
3 12 18 21 22 31
3 12 18 21 23 30
3 12 18 22 23 29
3 12 18 22 24 26
3 12 18 22 25 27
3 12 18 23 24 27
3 12 18 24 25 29
3 12 18 26 27 29
3 12 18 29 30 31
3 12 19 20 21 28
3 12 19 22 23 28
3 12 19 24 25 28
3 12 19 26 27 28
3 12 19 28 30 31
3 12 20 21 24 31
3 12 20 21 25 30
3 12 20 22 23 27
3 12 20 22 25 29
3 12 20 23 24 29
3 12 20 24 25 27
3 12 20 27 30 31
3 12 21 22 23 26
3 12 21 22 24 29
3 12 21 24 25 26
3 12 22 23 24 31
3 12 22 23 25 30
3 12 22 27 29 30
3 12 23 26 29 30
3 12 23 27 29 31
3 12 24 26 27 31
3 13 14 15 16 22
3 13 14 15 19 29
3 13 14 15 21 27
3 13 14 16 19 26
3 13 14 16 23 30
3 13 14 17 19 27
3 13 14 17 21 29
3 13 14 17 22 30
3 13 14 18 19 24
3 13 14 19 20 22
3 13 14 19 21 23
3 13 14 20 27 30
3 13 14 21 26 30
3 13 14 23 27 29
3 13 15 16 19 27
3 13 15 16 23 31
3 13 15 17 19 26
3 13 15 17 20 29
3 13 15 17 22 31
3 13 15 18 19 25
3 13 15 19 20 23
3 13 15 19 21 22
3 13 15 20 27 31
3 13 15 21 26 31
3 13 15 22 27 29
3 13 15 25 30 31
3 13 16 17 19 29
3 13 16 17 20 26
3 13 16 17 21 27
3 13 16 17 24 30
3 13 16 17 25 31
3 13 16 18 21 24
3 13 16 18 26 31
3 13 16 18 27 30
3 13 16 20 21 22
3 13 16 22 26 27
3 13 16 22 30 31
3 13 17 18 20 24
3 13 17 18 26 30
3 13 17 23 24 25
3 13 17 23 26 27
3 13 17 23 30 31
3 13 18 20 22 31
3 13 18 20 23 30
3 13 18 21 22 30
3 13 18 21 23 31
3 13 18 22 24 27
3 13 18 22 25 26
3 13 18 23 25 27
3 13 19 20 21 29
3 13 19 24 25 29
3 13 19 26 27 29
3 13 19 29 30 31
3 13 20 21 24 30
3 13 20 21 25 31
3 13 20 22 23 26
3 13 20 26 30 31
3 13 21 22 23 27
3 13 21 27 30 31
3 13 22 23 24 30
3 13 22 23 25 31
3 13 25 26 27 31
3 14 15 16 20 31
3 14 15 16 21 30
3 14 15 17 20 30
3 14 15 17 21 31
3 14 15 22 26 31
3 14 15 22 27 30
3 14 15 23 26 30
3 14 15 23 27 31
3 14 15 24 29 30
3 14 15 25 29 31
3 14 16 17 18 31
3 14 16 17 22 27
3 14 16 17 23 26
3 14 16 17 24 29
3 14 16 18 22 24
3 14 16 18 23 25
3 14 16 18 27 29
3 14 16 21 22 23
3 14 16 21 24 25
3 14 16 21 26 27
3 14 16 22 29 31
3 14 17 18 26 29
3 14 17 20 22 23
3 14 17 20 26 27
3 14 17 23 29 31
3 14 17 24 26 31
3 14 17 25 27 31
3 14 18 20 21 31
3 14 18 20 23 29
3 14 18 20 24 26
3 14 18 20 25 27
3 14 18 21 22 29
3 14 18 21 24 27
3 14 18 21 25 26
3 14 18 22 23 31
3 14 18 24 25 31
3 14 19 20 21 30
3 14 19 22 23 30
3 14 19 24 25 30
3 14 19 26 27 30
3 14 20 21 22 27
3 14 20 21 23 26
3 14 20 21 24 29
3 14 20 22 25 31
3 14 20 23 24 31
3 14 20 26 29 31
3 14 21 22 24 31
3 14 21 23 25 31
3 14 22 23 24 29
3 14 23 24 25 26
3 14 24 26 27 29
3 15 16 17 18 30
3 15 16 17 19 31
3 15 16 17 22 26
3 15 16 17 25 29
3 15 16 18 22 25
3 15 16 18 23 24
3 15 16 18 26 29
3 15 16 20 22 23
3 15 16 20 24 25
3 15 16 20 26 27
3 15 16 22 29 30
3 15 16 24 27 30
3 15 16 25 26 30
3 15 17 18 22 24
3 15 17 18 23 25
3 15 17 18 27 29
3 15 17 21 22 23
3 15 17 21 24 25
3 15 17 21 26 27
3 15 17 23 29 30
3 15 17 24 26 30
3 15 17 25 27 30
3 15 18 20 22 29
3 15 18 20 25 26
3 15 18 21 22 28
3 15 18 21 23 29
3 15 18 21 24 26
3 15 18 21 25 27
3 15 18 22 23 30
3 15 18 24 25 30
3 15 18 26 27 30
3 15 18 28 29 30
3 15 19 20 21 31
3 15 19 24 25 31
3 15 19 26 27 31
3 15 20 21 22 26
3 15 20 21 23 27
3 15 20 21 24 28
3 15 20 21 25 29
3 15 20 22 25 30
3 15 20 23 24 30
3 15 20 26 29 30
3 15 20 27 28 30
3 15 21 22 24 30
3 15 21 23 25 30
3 15 21 26 28 30
3 15 21 27 29 30
3 15 22 23 24 28
3 15 22 23 25 29
3 15 22 24 25 26
3 15 22 26 28 29
3 15 23 24 25 27
3 15 23 27 28 29
3 15 24 26 27 28
3 15 25 26 27 29
3 16 18 19 20 31
3 16 18 19 21 30
3 16 18 19 22 29
3 16 18 19 23 28
3 16 18 19 24 27
3 16 19 20 23 26
3 16 19 20 24 29
3 16 19 20 25 28
3 16 19 21 23 27
3 16 19 21 24 28
3 16 19 21 25 29
3 16 19 22 24 31
3 16 19 23 24 30
3 16 19 23 25 31
3 16 19 26 28 31
3 16 19 26 29 30
3 16 19 27 28 30
3 16 19 27 29 31
3 17 18 19 20 30
3 17 18 19 21 31
3 17 18 19 23 29
3 17 18 19 24 26
3 17 19 20 22 26
3 17 19 20 23 27
3 17 19 20 25 29
3 17 19 21 22 27
3 17 19 21 23 26
3 17 19 21 25 28
3 17 19 22 24 30
3 17 19 22 25 31
3 17 19 23 24 31
3 17 19 23 25 30
3 17 19 26 28 30
3 17 19 26 29 31
3 17 19 27 28 31
3 17 19 27 29 30
3 18 19 20 22 25
3 18 19 20 26 29
3 18 19 20 27 28
3 18 19 21 23 25
3 18 19 21 26 28
3 18 19 21 27 29
3 18 19 22 26 31
3 18 19 23 26 30
3 18 19 24 28 31
3 18 19 25 28 30
3 18 19 25 29 31
3 19 20 22 28 31
3 19 20 23 28 30
3 19 20 23 29 31
3 19 20 24 26 31
3 19 20 24 27 30
3 19 20 25 26 30
3 19 20 25 27 31
3 19 21 22 28 30
3 19 21 22 29 31
3 19 21 23 28 31
3 19 21 23 29 30
3 19 21 24 26 30
3 19 21 25 26 31
3 19 22 24 26 29
3 19 22 24 27 28
3 19 22 25 26 28
3 19 22 25 27 29
3 19 23 24 26 28
3 19 23 24 27 29
3 19 23 25 26 29
3 19 23 25 27 28
4 5 6 11 18 31
4 5 6 12 24 26
4 5 7 19 20 24
4 5 7 19 21 25
4 5 7 20 28 31
4 5 7 20 29 30
4 5 7 21 28 30
4 5 7 21 29 31
4 5 10 11 22 23
4 5 11 12 17 30
4 5 11 16 21 22
4 5 15 20 24 27
4 5 16 17 20 21
4 5 16 17 30 31
4 6 10 15 27 29
4 6 10 16 20 21
4 6 10 16 22 23
4 6 10 16 26 27
4 6 10 18 20 31
4 6 10 18 25 26
4 6 10 26 29 30
4 6 11 12 19 23
4 6 11 12 21 25
4 6 11 12 26 30
4 6 11 13 14 27
4 6 11 13 18 23
4 6 11 13 21 24
4 6 11 13 26 31
4 6 11 14 17 31
4 6 11 14 19 21
4 6 11 14 23 25
4 6 11 15 17 30
4 6 11 15 18 21
4 6 11 15 23 24
4 6 11 15 26 29
4 6 11 17 20 21
4 6 26 27 28 30
4 8 10 11 14 26
4 8 10 11 15 27
4 8 10 11 17 29
4 8 10 11 18 22
4 8 10 11 19 23
4 8 10 11 20 24
4 8 10 12 13 14
4 8 10 12 16 27
4 8 10 12 18 25
4 8 10 12 21 22
4 8 10 12 29 30
4 8 10 13 15 29
4 8 10 13 17 27
4 8 10 13 19 25
4 8 10 13 21 23
4 8 10 14 15 30
4 8 10 14 16 17
4 8 10 14 18 19
4 8 10 14 22 23
4 8 10 16 19 20
4 8 10 16 23 24
4 8 10 16 26 29
4 8 10 17 18 20
4 8 10 17 22 24
4 8 10 18 23 26
4 8 10 18 24 29
4 8 10 20 21 30
4 8 10 24 25 30
4 8 10 26 27 30
4 8 11 12 13 15
4 8 11 12 16 26
4 8 11 12 19 25
4 8 11 12 21 23
4 8 11 12 29 31
4 8 11 13 14 29
4 8 11 13 17 26
4 8 11 13 18 25
4 8 11 13 21 22
4 8 11 14 15 31
4 8 11 15 16 17
4 8 11 15 18 19
4 8 11 15 22 23
4 8 11 16 18 20
4 8 11 16 22 24
4 8 11 16 27 29
4 8 11 17 19 20
4 8 11 17 23 24
4 8 11 18 23 27
4 8 11 19 22 27
4 8 11 19 24 29
4 8 11 20 21 31
4 8 11 20 23 29
4 8 11 24 25 31
4 8 11 26 27 31
4 8 12 13 18 22
4 8 12 13 19 23
4 8 12 13 21 25
4 8 12 13 27 31
4 8 12 14 16 31
4 8 12 14 18 21
4 8 12 14 22 25
4 8 12 14 26 29
4 8 12 15 16 30
4 8 12 15 19 21
4 8 12 15 23 25
4 8 12 15 27 29
4 8 12 16 20 21
4 8 12 16 24 25
4 8 12 18 20 31
4 8 12 18 24 27
4 8 12 19 20 30
4 8 12 19 24 26
4 8 12 20 22 27
4 8 12 20 23 26
4 8 12 22 24 31
4 8 12 23 24 30
4 8 13 14 17 31
4 8 13 14 19 21
4 8 13 14 23 25
4 8 13 15 17 30
4 8 13 15 18 21
4 8 13 15 22 25
4 8 13 17 20 21
4 8 13 17 24 25
4 8 13 18 20 30
4 8 13 18 23 29
4 8 13 18 24 26
4 8 13 19 20 31
4 8 13 19 22 29
4 8 13 19 24 27
4 8 13 20 22 26
4 8 13 20 23 27
4 8 13 22 24 30
4 8 13 23 24 31
4 8 13 26 29 31
4 8 13 27 29 30
4 8 14 15 17 29
4 8 14 15 18 22
4 8 16 17 27 31
4 8 18 19 26 30
4 8 18 19 27 31
4 8 18 21 29 31
4 8 18 22 26 27
4 8 18 22 30 31
4 8 18 25 27 29
4 8 19 23 26 27
4 8 19 23 30 31
4 8 19 25 26 29
4 8 20 22 23 24
4 8 20 24 26 27
4 8 20 24 30 31
4 8 21 22 23 25
4 8 21 22 27 29
4 8 21 23 26 29
4 8 21 25 26 27
4 8 21 25 30 31
4 8 22 23 26 30
4 8 22 23 27 31
4 8 22 25 29 31
4 9 10 18 22 26
4 9 10 18 25 29
4 9 10 19 23 26
4 9 10 20 21 31
4 9 10 20 23 29
4 9 10 24 25 31
4 9 10 26 27 31
4 9 11 12 13 14
4 9 11 12 17 26
4 9 11 12 19 24
4 9 11 12 21 22
4 9 11 12 29 30
4 9 11 13 15 29
4 9 11 13 18 24
4 9 11 13 21 23
4 9 11 14 16 17
4 9 11 14 18 19
4 9 11 14 22 23
4 9 11 16 19 20
4 9 11 17 18 20
4 9 11 17 27 29
4 9 11 18 22 27
4 9 11 19 23 27
4 9 11 19 25 29
4 9 11 20 21 30
4 9 11 20 22 29
4 9 11 24 25 30
4 9 11 26 27 30
4 9 12 13 18 23
4 9 12 13 19 22
4 9 12 13 20 25
4 9 12 13 21 24
4 9 12 13 26 31
4 9 12 13 27 30
4 9 12 14 17 31
4 9 12 14 19 21
4 9 12 14 22 24
4 9 12 14 27 29
4 9 12 15 17 30
4 9 12 15 18 21
4 9 12 15 23 24
4 9 12 15 26 29
4 9 12 17 20 21
4 9 12 17 24 25
4 9 12 18 20 30
4 9 12 19 20 31
4 9 12 19 25 26
4 9 12 20 22 26
4 9 12 20 23 27
4 9 12 22 25 31
4 9 13 14 18 21
4 9 13 14 23 24
4 9 13 15 22 24
4 9 13 16 24 25
4 9 13 18 20 31
4 9 13 18 22 29
4 9 13 18 25 26
4 9 13 19 20 30
4 9 13 19 23 29
4 9 13 19 25 27
4 9 13 20 22 27
4 9 13 20 23 26
4 9 13 22 25 30
4 9 13 23 25 31
4 9 13 26 29 30
4 9 14 15 16 29
4 9 14 15 18 23
4 9 14 15 19 22
4 9 14 15 20 25
4 9 14 15 21 24
4 9 14 16 19 25
4 9 14 16 20 22
4 9 14 17 18 25
4 9 14 17 20 23
4 9 14 17 29 30
4 9 14 18 22 30
4 9 14 19 20 29
4 9 14 19 23 30
4 9 14 20 21 27
4 9 14 24 25 27
4 9 14 27 30 31
4 9 15 16 18 25
4 9 15 16 20 23
4 9 15 17 19 25
4 9 15 17 20 22
4 9 15 17 29 31
4 9 15 18 20 29
4 9 15 18 22 31
4 9 15 19 23 31
4 9 15 20 21 26
4 9 15 23 25 29
4 9 15 24 25 26
4 9 15 26 30 31
4 9 16 17 18 23
4 9 16 17 19 22
4 9 16 17 20 25
4 9 16 17 21 24
4 9 16 17 26 31
4 9 16 17 27 30
4 9 16 18 19 29
4 9 16 18 21 27
4 9 16 18 24 30
4 9 16 19 21 26
4 9 16 19 24 31
4 9 16 21 22 31
4 9 16 21 23 30
4 9 16 22 23 29
4 9 16 22 24 26
4 9 16 23 24 27
4 9 16 26 27 29
4 9 16 29 30 31
4 9 17 18 21 26
4 9 17 18 24 31
4 9 17 19 21 27
4 9 17 19 24 30
4 9 17 21 22 30
4 9 17 21 23 31
4 9 17 22 24 27
4 9 17 23 24 26
4 9 18 19 20 25
4 9 18 19 21 24
4 9 18 19 26 31
4 9 18 19 27 30
4 9 18 21 29 30
4 9 18 23 26 27
4 9 18 23 30 31
4 9 18 24 27 29
4 9 19 21 29 31
4 9 19 22 26 27
4 9 19 22 30 31
4 9 19 24 26 29
4 9 20 25 26 27
4 9 20 25 30 31
4 9 21 22 23 24
4 9 21 22 26 29
4 9 21 23 27 29
4 9 21 24 26 27
4 9 21 24 30 31
4 9 22 23 26 31
4 9 22 23 27 30
4 9 22 24 29 31
4 9 23 24 29 30
4 10 11 12 16 24
4 10 11 12 17 25
4 10 11 12 21 29
4 10 11 12 22 30
4 10 11 12 23 31
4 10 11 13 17 24
4 10 11 13 20 29
4 10 11 13 22 31
4 10 12 13 16 22
4 10 12 13 17 23
4 10 12 13 20 26
4 10 12 13 21 27
4 10 12 13 24 30
4 10 12 13 25 31
4 10 12 14 16 21
4 10 12 14 18 31
4 10 12 14 22 27
4 10 12 14 24 29
4 10 12 15 17 21
4 10 12 15 18 30
4 10 12 15 23 27
4 10 12 15 25 29
4 10 12 16 20 31
4 10 12 17 20 30
4 10 12 17 24 26
4 10 12 18 26 27
4 10 12 20 22 25
4 10 12 20 23 24
4 10 12 22 26 31
4 10 12 23 26 30
4 10 12 24 28 31
4 10 12 25 28 30
4 10 13 14 17 21
4 10 13 14 19 31
4 10 13 14 23 27
4 10 13 15 16 21
4 10 13 15 19 30
4 10 13 15 22 27
4 10 13 16 20 30
4 10 13 16 23 29
4 10 13 16 24 26
4 10 13 17 22 29
4 10 13 19 20 21
4 10 13 19 26 27
4 10 13 19 28 29
4 10 13 20 22 24
4 10 13 20 23 25
4 10 13 22 26 30
4 10 13 23 26 31
4 10 13 24 29 31
4 10 13 25 29 30
4 10 14 15 16 22
4 10 14 15 17 23
4 10 14 15 18 28
4 10 14 15 19 29
4 10 14 15 20 26
4 10 14 15 21 27
4 10 14 16 19 26
4 10 14 16 20 29
4 10 14 16 23 30
4 10 14 17 18 26
4 10 14 17 20 28
4 10 14 17 22 30
4 10 14 18 20 23
4 10 14 18 29 30
4 10 14 19 20 22
4 10 14 19 28 30
4 10 14 20 21 24
4 10 14 22 26 29
4 10 14 23 26 28
4 10 14 24 26 27
4 10 14 24 30 31
4 10 15 16 18 26
4 10 15 16 20 28
4 10 15 16 23 31
4 10 15 17 19 26
4 10 15 17 20 29
4 10 15 17 22 31
4 10 15 18 20 22
4 10 15 18 29 31
4 10 15 19 20 23
4 10 15 19 28 31
4 10 15 20 21 25
4 10 15 22 26 28
4 10 15 25 26 27
4 10 15 25 30 31
4 10 16 17 18 28
4 10 16 17 19 29
4 10 16 17 20 26
4 10 16 17 21 27
4 10 16 17 24 30
4 10 16 17 25 31
4 10 16 18 19 22
4 10 16 18 21 24
4 10 16 18 27 30
4 10 16 19 21 25
4 10 16 19 27 31
4 10 16 21 28 30
4 10 16 21 29 31
4 10 16 22 24 25
4 10 16 22 28 29
4 10 16 22 30 31
4 10 16 24 27 28
4 10 16 25 27 29
4 10 17 18 19 23
4 10 17 18 21 25
4 10 17 18 27 31
4 10 17 19 21 24
4 10 17 19 27 30
4 10 17 21 28 31
4 10 17 21 29 30
4 10 17 23 24 25
4 10 17 23 28 29
4 10 17 23 30 31
4 10 17 24 27 29
4 10 17 25 27 28
4 10 18 19 20 26
4 10 18 19 21 27
4 10 18 19 24 30
4 10 18 19 25 31
4 10 18 21 22 30
4 10 18 21 23 31
4 10 18 22 23 28
4 10 18 22 24 27
4 10 18 23 25 27
4 11 13 16 24 27
4 11 13 17 20 30
4 11 13 17 23 29
4 11 13 17 25 27
4 11 13 18 20 21
4 11 13 18 28 29
4 11 13 20 23 24
4 11 13 22 27 30
4 11 13 23 27 31
4 11 13 24 29 30
4 11 13 25 29 31
4 11 14 15 16 23
4 11 14 15 17 22
4 11 14 15 18 29
4 11 14 15 19 28
4 11 14 15 20 27
4 11 14 15 21 26
4 11 14 16 19 27
4 11 14 16 20 28
4 11 14 16 22 30
4 11 14 17 18 27
4 11 14 17 20 29
4 11 14 17 23 30
4 11 14 18 20 22
4 11 14 18 28 30
4 11 14 19 20 23
4 11 14 20 21 25
4 11 14 22 27 29
4 11 14 23 27 28
4 11 14 25 26 27
4 11 14 25 30 31
4 11 15 16 18 27
4 11 15 16 20 29
4 11 15 18 28 31
4 11 15 20 21 24
4 11 15 22 27 28
4 11 15 23 27 29
4 11 15 24 26 27
4 11 15 24 30 31
4 11 16 17 18 29
4 11 16 17 19 28
4 11 16 17 20 27
4 11 16 17 21 26
4 11 16 17 24 31
4 11 16 17 25 30
4 11 16 18 19 23
4 11 16 18 26 30
4 11 16 19 21 24
4 11 24 28 29 31
4 12 13 14 16 18
4 12 13 14 17 19
4 12 13 14 20 30
4 12 13 14 24 26
4 12 13 15 16 19
4 12 13 15 17 18
4 12 13 15 21 30
4 12 13 15 24 27
4 12 13 16 24 28
4 12 13 17 24 29
4 12 13 18 26 28
4 12 13 18 27 29
4 12 13 19 26 29
4 12 13 19 27 28
4 12 13 22 28 30
4 12 13 22 29 31
4 12 13 23 28 31
4 12 14 15 16 24
4 12 14 15 17 25
4 12 14 15 18 26
4 12 14 15 19 27
4 12 14 15 20 28
4 12 14 15 21 29
4 12 14 16 19 28
4 12 14 16 20 27
4 12 14 16 25 30
4 12 14 17 20 26
4 12 14 17 24 30
4 12 14 18 20 25
4 12 14 18 27 30
4 12 14 19 20 24
4 12 14 19 26 30
4 12 14 20 21 22
4 12 14 22 30 31
4 12 15 16 20 26
4 12 15 16 25 31
4 12 15 17 20 27
4 12 15 17 24 31
4 12 15 18 20 24
4 12 15 18 27 31
4 12 15 19 20 25
4 12 15 19 26 31
4 12 15 20 21 23
4 12 15 23 30 31
4 12 16 17 18 26
4 12 16 17 19 27
4 12 16 17 21 29
4 12 16 17 22 30
4 12 16 17 23 31
4 12 16 18 19 24
4 12 16 18 21 22
4 12 16 18 29 30
4 12 19 21 25 30
4 12 19 22 23 27
4 12 19 23 24 29
4 12 19 27 30 31
4 12 21 22 23 29
4 12 21 22 24 26
4 12 21 23 24 27
4 12 21 26 27 29
4 12 21 29 30 31
4 13 14 15 19 26
4 13 14 16 19 29
4 13 14 19 27 30
4 13 14 20 21 23
4 13 15 17 19 29
4 13 15 19 20 24
4 13 15 20 21 22
4 13 16 17 19 26
4 13 16 18 21 23
4 13 16 19 21 22
4 13 16 21 26 31
4 13 16 21 27 30
4 13 17 18 19 24
4 13 17 18 21 22
4 13 17 19 21 23
4 13 17 21 26 30
4 13 17 21 27 31
4 13 18 19 20 29
4 13 18 19 22 31
4 13 18 19 23 30
4 13 21 26 27 28
4 13 21 28 30 31
4 13 24 26 28 30
4 13 24 27 28 31
4 13 25 26 28 31
4 13 25 27 28 30
4 14 15 22 28 30
4 14 15 23 28 31
4 14 16 21 22 24
4 14 16 21 27 29
4 14 17 19 22 23
4 14 17 19 26 27
4 14 17 19 28 29
4 14 17 21 23 24
4 14 17 21 26 29
4 14 17 25 28 31
4 14 18 19 21 31
4 14 18 19 22 28
4 14 18 19 23 29
4 14 18 19 24 26
4 14 18 21 22 26
4 14 18 21 23 27
4 14 18 21 24 28
4 14 18 26 28 31
4 14 19 21 25 28
4 14 19 27 28 31
4 14 20 28 29 30
4 14 21 28 29 31
4 14 22 24 25 28
4 14 22 26 27 28
4 14 24 26 28 29
4 14 25 27 28 29
4 15 16 17 23 28
4 15 16 19 28 29
4 15 16 21 26 29
4 15 16 21 27 28
4 15 16 24 28 30
4 15 17 18 28 29
4 15 17 21 26 28
4 15 17 25 28 30
4 15 18 19 23 28
4 15 18 21 25 28
4 15 18 26 28 30
4 15 19 21 24 28
4 15 19 27 28 30
4 15 20 28 29 31
4 15 21 28 29 30
4 15 23 24 25 28
4 15 23 26 27 28
4 15 24 27 28 29
4 15 25 26 28 29
4 16 18 20 23 28
4 16 19 20 22 28
4 16 20 21 24 28
4 16 20 26 28 31
4 16 20 27 28 30
4 17 18 20 22 28
4 17 19 20 23 28
4 17 20 21 25 28
4 17 20 26 28 30
4 17 20 27 28 31
4 18 20 21 26 28
4 18 20 24 28 31
4 18 20 25 28 30
4 19 20 21 27 28
4 19 20 24 28 30
4 19 20 25 28 31
4 20 21 22 28 30
4 20 21 23 28 31
4 20 22 24 27 28
4 20 22 25 26 28
4 20 23 24 26 28
4 20 23 25 27 28
5 6 7 12 20 29
5 6 7 16 22 27
5 6 7 17 22 26
5 6 7 22 29 30
5 6 7 23 28 30
5 6 8 13 19 28
5 6 8 13 20 27
5 6 8 14 16 20
5 6 8 14 19 31
5 6 8 15 19 30
5 6 8 16 21 31
5 6 8 16 24 26
5 6 8 17 21 30
5 6 8 17 22 29
5 6 8 17 24 27
5 6 8 22 27 31
5 6 9 14 18 31
5 6 9 21 27 29
5 6 10 12 27 31
5 6 10 13 27 30
5 6 10 14 27 29
5 6 10 17 26 27
5 6 11 12 14 27
5 6 11 13 15 27
5 6 11 14 16 31
5 6 11 16 26 27
5 6 11 18 24 27
5 6 11 27 29 31
5 6 12 13 16 27
5 6 12 15 26 27
5 6 12 17 27 28
5 6 12 21 24 27
5 6 13 14 15 30
5 6 13 14 16 17
5 6 13 14 18 19
5 6 13 14 26 27
5 6 13 16 18 21
5 6 13 16 26 29
5 6 13 17 19 21
5 6 13 17 22 24
5 6 13 17 27 29
5 6 13 18 22 27
5 6 13 18 24 29
5 6 13 19 22 26
5 6 13 19 25 29
5 6 13 20 21 30
5 6 13 21 24 26
5 6 13 22 23 30
5 6 14 15 16 27
5 6 14 15 17 26
5 6 14 15 19 24
5 6 14 15 20 23
5 6 14 15 21 22
5 6 14 16 26 30
5 6 14 17 27 30
5 6 14 18 21 27
5 6 14 20 21 29
5 6 14 22 23 29
5 6 14 29 30 31
5 6 15 16 19 22
5 6 15 16 21 24
5 6 15 17 27 31
5 6 15 18 21 26
5 6 15 18 24 31
5 6 15 19 21 27
5 6 15 22 24 27
5 6 16 17 29 30
5 6 16 18 19 27
5 6 16 19 20 29
5 6 16 27 28 29
5 6 16 27 30 31
5 6 17 18 19 26
5 6 17 19 20 28
5 6 17 19 23 31
5 6 18 19 29 30
5 6 18 20 27 31
5 6 18 23 26 29
5 6 19 23 27 29
5 6 19 24 28 29
5 6 20 23 26 27
5 6 20 23 28 29
5 6 20 24 27 29
5 6 21 22 26 27
5 6 21 22 28 29
5 6 23 24 27 30
5 6 26 27 28 31
5 6 26 27 29 30
5 7 8 9 28 30
5 7 8 11 18 26
5 7 8 16 24 27
5 7 8 21 27 29
5 7 10 15 27 29
5 7 11 18 23 29
5 7 11 27 29 30
5 7 12 16 18 21
5 7 12 21 24 26
5 7 13 16 27 29
5 7 14 15 18 24
5 7 16 17 29 31
5 7 16 19 22 30
5 7 16 22 24 29
5 7 17 27 28 29
5 7 26 27 29 31
5 8 9 11 16 22
5 8 9 11 20 26
5 8 9 14 23 28
5 8 9 16 24 29
5 8 9 18 23 24
5 8 10 15 22 23
5 8 10 17 26 29
5 8 11 17 27 29
5 8 12 14 27 29
5 8 12 17 20 21
5 8 12 19 23 28
5 8 12 26 28 30
5 8 13 27 29 31
5 8 14 19 21 28
5 8 16 17 20 25
5 8 16 22 23 29
5 8 16 26 27 29
5 8 17 20 22 31
5 8 20 22 27 29
5 8 21 22 23 24
5 8 21 24 26 27
5 8 22 23 26 31
5 8 26 28 29 31
5 8 27 28 29 30
5 9 14 15 16 28
5 9 16 17 18 22
5 9 18 19 21 25
5 9 18 19 27 31
5 9 21 22 23 25
5 9 21 25 26 27
5 9 22 24 29 30
5 9 23 24 29 31
5 10 11 12 16 25
5 10 11 12 17 24
5 10 11 12 20 29
5 10 11 12 22 31
5 10 11 13 17 25
5 10 11 13 21 29
5 10 11 13 22 30
5 10 11 14 22 29
5 10 11 15 23 29
5 10 11 17 23 27
5 10 11 18 26 29
5 10 11 24 26 31
5 10 11 24 27 30
5 10 12 14 25 29
5 10 12 15 24 29
5 10 13 24 29 30
5 10 13 25 29 31
5 10 14 19 29 30
5 10 14 23 26 29
5 10 15 17 18 26
5 10 15 17 21 29
5 10 15 18 28 31
5 10 15 19 29 31
5 10 15 22 26 29
5 10 16 17 18 29
5 10 16 20 29 31
5 10 16 24 27 29
5 10 17 20 28 31
5 10 17 20 29 30
5 10 17 25 27 29
5 10 18 22 23 29
5 10 18 24 25 29
5 10 18 29 30 31
5 10 20 22 25 29
5 10 20 23 24 29
5 10 22 27 29 30
5 11 12 22 27 30
5 11 14 24 26 27
5 11 18 22 25 26
5 11 19 22 23 29
5 11 19 29 30 31
5 11 23 26 28 30
5 12 13 17 24 28
5 12 13 23 28 30
5 12 14 15 18 27
5 12 16 17 19 26
5 12 16 20 26 30
5 12 17 18 19 24
5 12 17 23 27 29
5 12 18 20 24 30
5 12 18 20 25 31
5 12 18 22 23 27
5 12 18 22 25 29
5 12 18 23 24 29
5 12 18 24 25 27
5 12 18 27 30 31
5 12 19 20 24 31
5 12 19 20 25 30
5 12 19 22 23 26
5 12 19 22 24 29
5 12 19 23 25 29
5 12 19 24 25 26
5 12 19 26 30 31
5 12 20 22 23 29
5 12 20 22 24 26
5 12 20 22 25 27
5 12 20 23 24 27
5 12 20 23 25 26
5 12 20 24 25 29
5 12 20 26 27 29
5 12 20 29 30 31
5 12 21 22 23 28
5 12 21 24 25 28
5 12 21 26 27 28
5 12 21 28 30 31
5 12 22 24 25 31
5 12 22 26 27 31
5 12 23 24 25 30
5 12 23 26 27 30
5 12 24 26 29 31
5 12 24 27 29 30
5 12 25 26 29 30
5 12 25 27 29 31
5 13 15 17 24 31
5 13 21 22 23 29
5 14 16 17 22 29
5 14 16 17 23 28
5 14 17 18 28 29
5 14 18 20 22 26
5 15 16 17 22 28
5 15 16 20 23 24
5 15 16 20 26 29
5 15 17 20 22 24
5 15 19 26 28 30
5 15 19 27 29 30
5 15 20 22 23 30
5 15 22 23 24 26
5 15 23 26 27 29
5 17 18 20 21 30
5 17 19 21 23 28
5 17 21 23 25 30
5 17 21 26 29 31
5 17 21 27 29 30
5 18 20 21 26 29
5 19 21 22 26 30
5 20 21 24 26 31
6 7 8 9 12 13
6 7 8 9 14 15
6 7 8 9 16 17
6 7 8 9 18 19
6 7 8 9 22 23
6 7 8 9 24 25
6 7 8 9 26 27
6 7 8 9 30 31
6 7 8 10 12 22
6 7 8 10 25 27
6 7 8 11 12 23
6 7 8 11 24 27
6 7 8 12 16 20
6 7 8 12 17 21
6 7 8 12 18 30
6 7 8 12 19 31
6 7 8 12 24 28
6 7 8 12 25 29
6 7 8 13 16 21
6 7 8 13 17 20
6 7 8 13 18 31
6 7 8 13 24 29
6 7 8 14 19 29
6 7 8 14 20 26
6 7 8 14 21 27
6 7 8 14 24 30
6 7 8 14 25 31
6 7 8 15 18 29
6 7 8 15 20 27
6 7 8 15 21 26
6 7 8 15 24 31
6 7 8 15 25 30
6 7 8 16 22 30
6 7 8 16 23 31
6 7 8 17 22 31
6 7 8 17 23 30
6 7 8 18 20 22
6 7 8 18 21 23
6 7 8 19 20 23
6 7 8 19 21 22
6 7 8 22 26 28
6 7 8 22 27 29
6 7 8 23 26 29
6 7 9 10 12 23
6 7 9 10 13 22
6 7 9 10 16 19
6 7 9 10 17 18
6 7 9 10 20 31
6 7 9 10 21 30
6 7 9 10 24 27
6 7 9 11 12 22
6 7 9 11 13 23
6 7 9 11 16 18
6 7 9 11 17 19
6 7 9 11 20 30
6 7 9 11 21 31
6 7 9 11 24 26
6 7 9 11 25 27
6 7 9 12 16 21
6 7 9 12 17 20
6 7 9 12 18 31
6 7 9 12 24 29
6 7 9 12 25 28
6 7 9 13 16 20
6 7 9 13 17 21
6 7 9 13 18 30
6 7 9 13 19 31
6 7 9 13 25 29
6 7 9 14 18 29
6 7 9 14 20 27
6 7 9 14 21 26
6 7 9 14 24 31
6 7 9 14 25 30
6 7 9 15 20 26
6 7 9 15 21 27
6 7 9 15 24 30
6 7 9 16 22 31
6 7 9 16 23 30
6 7 9 17 22 30
6 7 9 17 23 31
6 7 9 18 20 23
6 7 9 18 21 22
6 7 9 19 20 22
6 7 9 19 21 23
6 7 9 22 26 29
6 7 9 22 27 28
6 7 9 23 27 29
6 7 10 11 12 13
6 7 10 11 14 15
6 7 10 11 16 17
6 7 10 11 18 19
6 7 10 11 20 21
6 7 10 11 22 23
6 7 10 11 24 25
6 7 10 11 26 27
6 7 10 11 28 29
6 7 10 11 30 31
6 7 10 12 16 30
6 7 10 12 17 31
6 7 10 12 18 20
6 7 10 12 19 21
6 7 10 12 26 28
6 7 10 12 27 29
6 7 10 13 16 31
6 7 10 13 17 30
6 7 10 13 18 21
6 7 10 13 19 20
6 7 10 13 27 28
6 7 10 14 16 28
6 7 10 14 17 29
6 7 10 14 26 30
6 7 10 14 27 31
6 7 10 15 16 29
6 7 10 15 17 28
6 7 10 15 21 24
6 7 11 12 16 31
6 7 11 12 17 30
6 7 11 12 18 21
6 7 11 12 19 20
6 7 11 12 26 29
6 7 11 12 27 28
6 7 11 16 20 23
6 7 12 13 14 15
6 7 12 13 16 17
6 7 12 13 18 19
6 7 12 13 20 21
6 7 12 13 22 23
6 7 12 13 26 27
6 7 12 13 28 29
6 7 12 13 30 31
6 7 12 14 16 26
6 7 12 14 17 27
6 7 12 14 18 24
6 7 12 14 19 25
6 7 12 14 28 30
6 7 12 14 29 31
6 7 12 15 16 27
6 7 12 15 17 26
6 7 12 15 18 25
6 7 12 15 19 24
6 7 12 15 28 31
6 7 12 15 29 30
6 7 12 16 18 22
6 7 12 16 19 23
6 7 12 17 18 23
6 7 12 17 19 22
6 7 15 20 23 28
6 7 17 27 29 31
6 7 18 24 28 30
6 7 20 21 26 27
6 8 10 17 20 24
6 8 12 15 17 29
6 8 12 15 19 23
6 8 12 15 21 25
6 8 12 15 26 30
6 8 12 16 19 24
6 8 12 16 21 22
6 8 12 16 28 31
6 8 12 17 18 24
6 8 12 17 20 22
6 8 12 17 28 30
6 8 12 18 21 28
6 8 12 18 22 31
6 8 12 19 20 28
6 8 12 19 22 30
6 8 12 20 24 31
6 8 12 21 24 30
6 8 12 22 23 26
6 8 12 24 25 26
6 8 14 19 24 26
6 8 15 17 30 31
6 8 16 17 27 29
6 8 16 20 21 30
6 8 17 26 27 31
6 9 11 12 20 21
6 9 12 13 16 31
6 9 12 13 17 30
6 9 12 13 18 21
6 9 15 27 29 31
6 9 16 20 24 26
6 10 11 12 16 18
6 10 11 12 17 19
6 10 11 12 20 30
6 10 11 12 21 31
6 10 11 12 23 29
6 10 11 13 16 19
6 10 11 13 17 18
6 10 11 13 20 31
6 10 11 13 21 30
6 10 11 13 22 29
6 10 11 14 23 31
6 10 11 15 16 25
6 10 11 15 17 24
6 10 11 15 23 30
6 10 11 24 27 29
6 10 11 25 26 29
6 10 12 13 16 20
6 10 12 13 17 21
6 10 12 13 18 30
6 10 12 13 19 31
6 10 12 13 22 26
6 10 12 13 23 27
6 10 12 14 16 23
6 10 12 14 18 29
6 10 12 14 20 27
6 10 12 14 24 31
6 10 12 15 17 23
6 10 12 15 19 29
6 10 12 15 21 27
6 10 12 15 24 30
6 10 12 16 19 26
6 10 12 16 22 31
6 10 12 17 18 26
6 10 12 17 22 30
6 10 12 18 21 22
6 10 12 19 20 22
6 10 12 20 26 31
6 10 12 21 26 30
6 10 12 22 23 24
6 10 12 24 26 27
6 10 13 14 17 23
6 10 13 14 25 31
6 10 13 15 16 23
6 10 13 15 20 27
6 10 13 15 25 30
6 10 13 16 18 26
6 10 13 16 21 29
6 10 13 16 22 30
6 10 13 17 19 26
6 10 13 17 20 29
6 10 13 17 22 31
6 10 13 18 20 22
6 10 13 18 29 31
6 10 13 19 21 22
6 10 13 19 29 30
6 10 13 20 26 30
6 10 13 21 26 31
6 10 13 22 23 25
6 10 13 25 26 27
6 10 14 15 16 20
6 10 14 15 17 21
6 10 14 15 22 26
6 10 14 15 23 27
6 10 14 15 25 29
6 10 14 16 21 30
6 10 14 16 22 29
6 10 14 16 25 26
6 10 14 17 20 30
6 10 14 17 24 26
6 10 14 18 22 23
6 10 14 18 26 27
6 10 14 18 30 31
6 10 14 20 26 29
6 10 14 21 22 24
6 10 14 24 29 30
6 10 15 16 21 31
6 10 15 16 24 26
6 10 15 17 20 31
6 10 15 17 22 29
6 10 15 17 25 26
6 10 15 19 22 23
6 10 15 19 26 27
6 10 15 19 30 31
6 10 15 20 22 24
6 10 15 21 22 25
6 10 15 21 26 29
6 10 15 24 29 31
6 10 16 17 18 30
6 10 16 17 19 31
6 10 16 17 22 26
6 10 16 17 23 27
6 10 16 17 24 28
6 10 16 17 25 29
6 11 12 19 28 31
6 11 20 23 24 31
6 11 21 26 28 31
6 12 16 18 26 27
6 12 17 23 27 30
6 14 16 24 28 29
6 14 21 26 27 29
6 15 16 18 28 30
6 15 16 21 27 30
6 15 18 27 28 29
6 16 18 22 23 28
6 17 22 23 24 31
6 22 23 24 27 29
7 8 11 12 16 17
7 8 11 15 28 30
7 8 15 18 24 27
7 8 18 19 26 29
7 9 16 19 22 26
7 10 21 22 24 31
7 10 25 28 30 31
7 11 12 16 21 28
7 11 12 17 20 28
7 11 12 18 28 31
7 11 12 19 28 30
7 11 12 24 28 29
7 11 13 14 18 28
7 11 13 15 19 28
7 11 13 25 28 29
7 11 14 15 24 28
7 11 14 16 23 28
7 11 14 20 27 28
7 11 14 25 28 30
7 11 15 17 23 28
7 11 15 21 27 28
7 11 15 25 28 31
7 11 16 17 24 28
7 11 16 19 26 28
7 11 16 20 28 29
7 11 16 22 28 31
7 11 16 22 29 30
7 11 17 18 26 28
7 11 17 21 28 29
7 11 17 22 28 30
7 11 18 19 24 28
7 11 18 21 22 28
7 11 18 28 29 30
7 11 19 20 22 28
7 11 19 28 29 31
7 11 20 21 24 28
7 11 20 26 28 31
7 11 21 26 28 30
7 11 22 26 28 29
7 11 23 27 28 29
7 11 24 28 30 31
7 12 13 16 19 28
7 12 13 17 18 28
7 12 13 20 28 31
7 12 13 21 28 30
7 12 13 24 27 28
7 12 13 25 26 28
7 12 14 15 23 28
7 12 14 16 24 28
7 12 14 17 25 28
7 12 15 24 26 31
7 13 16 17 22 28
7 13 16 20 27 28
7 13 16 21 26 28
7 13 16 25 28 30
7 13 17 20 26 28
7 13 17 21 27 28
7 13 17 24 28 30
7 13 18 21 22 26
7 13 18 21 24 28
7 13 18 22 24 31
7 13 18 22 25 30
7 13 18 26 28 31
7 13 18 27 28 30
7 13 19 20 22 26
7 13 19 20 24 28
7 13 19 21 22 27
7 13 19 21 25 28
7 13 19 22 24 30
7 13 19 22 25 31
7 13 19 26 28 30
7 13 19 27 28 31
7 13 20 21 22 28
7 13 20 21 23 29
7 13 20 21 24 26
7 13 20 21 25 27
7 13 20 24 25 30
7 13 20 26 27 30
7 13 21 24 25 31
7 13 21 26 27 31
7 13 22 24 25 28
7 13 22 26 27 28
7 13 22 28 30 31
7 13 23 24 25 29
7 13 23 26 27 29
7 13 23 29 30 31
7 13 24 26 30 31
7 13 25 27 30 31
7 14 15 16 24 31
7 14 15 16 25 30
7 14 15 17 24 30
7 14 15 17 25 31
7 14 15 18 26 31
7 14 15 18 27 30
7 14 15 19 26 30
7 14 17 20 26 31
7 14 17 21 27 31
7 14 17 24 26 27
7 15 16 19 28 30
7 15 16 22 27 28
7 15 17 22 26 28
7 15 17 25 28 29
7 15 18 19 20 28
7 15 18 22 25 28
7 15 18 26 28 29
7 15 19 22 24 28
7 15 21 22 24 26
7 16 23 26 28 31
7 16 23 27 28 30
7 17 18 22 23 28
7 17 20 23 24 28
7 17 21 23 25 28
7 17 23 26 28 30
7 17 23 27 28 31
7 18 20 23 27 28
7 18 21 23 26 28
7 18 23 24 28 31
7 18 23 25 28 30
7 19 20 23 26 28
7 19 21 23 27 28
7 19 23 24 28 30
7 19 23 25 28 31
7 20 22 23 28 31
7 20 23 24 26 31
7 21 22 23 28 30
7 21 23 24 26 30
7 22 23 24 27 28
7 22 23 25 26 28
8 9 10 11 28 29
8 9 10 12 26 28
8 9 10 13 27 28
8 9 10 14 16 28
8 9 10 15 17 28
8 9 10 22 24 28
8 9 10 23 25 28
8 9 11 12 27 28
8 9 11 13 26 28
8 9 11 14 17 28
8 9 11 15 16 28
8 9 11 22 25 28
8 9 11 23 24 28
8 9 12 13 28 29
8 9 12 14 16 26
8 9 12 14 28 30
8 9 12 15 28 31
8 9 12 15 29 30
8 9 13 14 28 31
8 9 13 15 28 30
8 9 14 15 28 29
8 9 14 18 24 28
8 9 14 19 25 28
8 9 15 18 25 28
8 9 15 19 24 28
8 9 16 17 28 29
8 9 16 18 22 28
8 9 16 19 23 28
8 9 16 21 23 26
8 9 16 26 28 30
8 9 16 27 28 31
8 9 17 18 23 28
8 9 17 19 22 28
8 9 17 21 22 26
8 9 17 26 28 31
8 9 17 27 28 30
8 9 18 19 28 29
8 9 18 20 26 28
8 9 18 21 26 29
8 9 18 21 27 28
8 9 18 23 26 31
8 9 19 20 27 28
8 9 19 21 26 28
8 9 20 21 28 29
8 9 20 22 28 30
8 9 20 23 28 31
8 9 21 22 28 31
8 9 21 23 28 30
8 9 22 23 28 29
8 9 24 25 28 29
8 9 26 27 28 29
8 9 26 27 30 31
8 9 28 29 30 31
8 10 11 12 16 20
8 10 11 12 17 21
8 10 11 12 18 30
8 10 11 12 19 31
8 10 11 12 24 28
8 10 11 12 25 29
8 10 11 13 16 21
8 10 11 13 17 20
8 10 11 13 18 31
8 10 11 13 19 30
8 10 11 13 24 29
8 10 11 13 25 28
8 10 11 14 16 22
8 10 11 14 17 23
8 10 11 14 18 28
8 10 11 14 19 29
8 10 11 14 24 30
8 10 11 14 25 31
8 10 11 15 16 23
8 10 11 15 17 22
8 10 11 15 18 29
8 10 11 15 19 28
8 10 11 15 24 31
8 10 11 15 25 30
8 10 11 16 18 26
8 10 11 16 19 27
8 10 11 17 18 27
8 10 11 17 19 26
8 10 11 20 26 30
8 10 11 20 27 31
8 10 11 21 26 31
8 10 11 21 27 30
8 10 11 22 26 28
8 10 11 22 27 29
8 10 11 23 26 29
8 10 11 23 27 28
8 10 12 13 17 19
8 10 12 13 20 30
8 10 12 13 21 31
8 10 12 13 24 26
8 10 12 13 25 27
8 10 12 14 18 27
8 10 12 14 20 29
8 10 12 14 22 31
8 10 12 15 17 25
8 10 12 15 19 27
8 10 12 15 21 29
8 10 12 15 22 30
8 10 12 16 19 28
8 10 12 16 21 26
8 10 12 16 24 31
8 10 12 17 18 28
8 10 12 17 20 26
8 10 12 17 24 30
8 10 12 18 21 24
8 10 12 18 26 31
8 10 12 19 20 24
8 10 12 20 28 31
8 10 12 21 28 30
8 10 12 22 28 29
8 10 13 14 20 28
8 10 13 15 21 28
8 10 13 23 28 29
8 10 14 15 22 28
8 10 14 17 24 28
8 10 14 19 26 28
8 10 14 23 28 30
8 10 15 16 24 28
8 10 15 18 26 28
8 10 15 23 28 31
8 10 16 17 22 28
8 10 16 18 28 29
8 10 16 20 27 28
8 11 12 17 20 27
8 11 14 21 26 27
8 11 14 22 28 30
8 11 16 19 20 21
8 11 16 19 22 23
8 11 16 19 28 29
8 11 16 19 30 31
8 11 16 20 23 25
8 11 16 20 26 28
8 11 16 21 22 25
8 11 16 21 26 29
8 11 16 22 26 30
8 11 16 23 26 31
8 11 16 25 28 31
8 11 16 25 29 30
8 11 17 18 20 21
8 11 17 18 22 23
8 11 17 18 28 29
8 11 17 18 30 31
8 11 17 20 22 25
8 11 17 20 26 29
8 11 17 21 23 25
8 11 17 21 26 28
8 11 17 22 26 31
8 11 17 23 26 30
8 11 17 25 28 30
8 11 17 25 29 31
8 11 18 19 20 31
8 11 18 19 21 30
8 11 18 19 22 29
8 11 18 20 22 26
8 12 14 15 16 20
8 12 15 20 26 28
8 12 16 20 30 31
8 12 17 21 30 31
8 12 18 20 22 29
8 12 22 26 30 31
8 13 14 16 24 26
8 13 14 17 21 30
8 13 14 17 22 29
8 13 14 17 24 27
8 13 14 19 28 29
8 13 14 19 30 31
8 13 14 20 22 24
8 13 14 20 27 29
8 13 14 21 23 24
8 13 15 16 20 31
8 13 15 17 21 31
8 13 15 17 23 29
8 13 15 17 24 26
8 13 15 18 24 25
8 13 15 18 28 29
8 13 16 21 30 31
8 14 18 26 27 28
8 15 17 20 29 30
8 15 23 26 29 30
8 16 22 24 25 30
8 17 19 20 24 31
9 10 16 19 22 23
9 10 16 19 28 29
9 10 16 19 30 31
9 10 16 20 22 24
9 10 16 20 27 29
9 10 16 21 23 24
9 10 16 21 27 28
9 10 16 22 27 31
9 10 16 23 27 30
9 10 16 24 28 30
9 10 16 24 29 31
9 10 17 18 20 21
9 10 17 18 22 23
9 10 17 18 28 29
9 10 17 18 30 31
9 10 17 20 23 24
9 10 17 20 27 28
9 10 17 21 22 24
9 10 17 21 27 29
9 10 17 22 27 30
9 10 17 23 27 31
9 10 17 24 28 31
9 10 17 24 29 30
9 10 18 19 20 31
9 10 18 19 21 30
9 10 18 19 22 29
9 10 18 19 23 28
9 10 18 19 24 27
9 10 18 19 25 26
9 10 18 20 23 27
9 10 18 20 24 28
9 10 18 21 22 27
9 10 18 21 24 29
9 10 18 22 24 30
9 10 18 23 24 31
9 10 18 27 28 31
9 10 18 27 29 30
9 10 19 20 22 27
9 10 19 20 24 29
9 10 19 21 23 27
9 10 19 21 24 28
9 10 19 22 24 31
9 10 19 27 28 30
9 10 19 27 29 31
9 10 20 21 23 28
9 10 20 21 24 27
9 10 20 22 23 31
9 10 20 28 29 31
9 10 21 22 23 30
9 10 21 28 29 30
9 10 22 23 24 27
9 10 22 23 25 26
9 10 22 29 30 31
9 10 23 28 30 31
9 10 24 27 28 29
9 10 24 27 30 31
9 10 25 26 28 29
9 10 25 26 30 31
9 11 12 13 16 18
9 11 12 13 17 19
9 11 12 13 20 30
9 11 12 13 21 31
9 11 12 13 24 26
9 11 12 13 25 27
9 11 12 14 17 24
9 11 12 14 19 26
9 11 12 14 20 29
9 11 12 14 22 31
9 11 12 15 16 24
9 11 12 15 18 26
9 11 12 15 21 29
9 11 12 15 22 30
9 11 12 16 19 28
9 11 12 16 20 27
9 11 12 16 25 30
9 11 12 17 18 28
9 11 12 17 21 27
9 11 12 17 25 31
9 11 12 18 20 25
9 11 12 18 27 30
9 11 12 19 21 25
9 11 12 19 27 31
9 11 12 20 28 31
9 11 12 21 28 30
9 11 12 22 24 25
9 11 12 22 26 27
9 11 12 22 28 29
9 11 13 14 16 24
9 11 13 14 18 26
9 11 13 14 20 28
9 11 13 14 23 31
9 11 13 15 17 24
9 11 13 15 19 26
9 11 13 15 21 28
9 11 13 15 23 30
9 11 13 16 19 29
9 11 13 16 21 27
9 11 13 16 25 31
9 11 13 17 18 29
9 11 13 17 20 27
9 11 13 17 25 30
9 11 13 18 21 25
9 11 13 18 27 31
9 11 13 19 20 25
9 11 13 19 27 30
9 11 13 20 29 31
9 11 16 20 23 24
9 11 18 21 24 28
9 11 18 26 28 31
9 11 21 22 23 31
9 13 17 24 27 31
9 13 18 19 22 26
9 13 18 19 23 27
9 13 18 19 24 28
9 13 18 19 25 29
9 13 18 20 21 30
9 13 18 20 23 28
9 13 18 20 24 27
9 13 18 21 22 28
9 13 18 21 24 26
9 13 18 22 23 30
9 13 18 26 27 30
9 13 19 20 21 31
9 13 19 20 22 28
9 13 19 20 24 26
9 13 19 21 23 28
9 13 19 21 24 27
9 13 19 22 23 31
9 13 19 26 27 31
9 13 20 21 22 26
9 13 20 21 23 27
9 13 20 21 24 28
9 13 20 21 25 29
9 13 20 23 24 30
9 13 20 26 28 31
9 13 20 27 28 30
9 13 21 22 24 30
9 13 21 23 24 31
9 13 21 26 28 30
9 13 21 27 28 31
9 13 22 23 24 28
9 14 15 21 27 31
9 14 16 17 18 29
9 14 16 17 19 28
9 14 16 17 20 27
9 14 16 17 21 26
9 14 16 17 24 31
9 14 17 19 27 31
9 14 17 20 21 22
9 14 17 24 26 29
9 14 17 24 27 28
9 14 18 20 23 31
9 14 18 22 24 26
9 14 18 23 24 27
9 14 18 26 27 29
9 14 19 20 21 28
9 14 19 20 22 31
9 14 19 21 23 31
9 14 19 22 23 28
9 14 19 22 24 27
9 14 19 23 24 26
9 14 19 26 27 28
9 14 20 21 24 31
9 14 20 21 25 30
9 14 20 22 23 27
9 14 20 22 24 28
9 14 20 23 24 29
9 14 20 27 28 29
9 14 21 22 23 26
9 14 21 22 24 29
9 14 21 23 24 28
9 14 21 26 28 29
9 14 22 23 24 31
9 14 22 23 25 30
9 14 22 26 29 31
9 14 22 27 28 31
9 14 23 26 28 31
9 14 23 27 29 31
9 14 24 26 27 31
9 14 24 28 29 31
9 14 25 26 27 30
9 14 25 28 29 30
9 15 16 17 18 28
9 15 16 17 19 29
9 15 16 17 20 26
9 15 16 17 21 27
9 15 16 17 24 30
9 15 16 17 25 31
9 15 16 18 19 22
9 15 16 18 21 24
9 15 16 18 27 30
9 15 16 19 20 24
9 15 16 19 26 30
9 15 16 20 21 22
9 15 16 20 29 30
9 15 16 21 28 30
9 15 16 22 26 27
9 15 16 22 28 29
9 15 16 24 26 29
9 15 16 24 27 28
9 15 17 18 19 23
9 15 17 18 20 24
9 15 17 18 26 30
9 15 17 19 21 24
9 15 17 19 27 30
9 15 17 20 21 23
9 15 17 20 28 30
9 15 17 21 29 30
9 15 17 23 26 27
9 15 17 23 28 29
9 15 17 24 26 28
9 15 17 24 27 29
9 15 18 19 20 26
9 15 18 19 21 27
9 15 22 23 24 30
9 19 22 25 27 31
9 19 23 25 26 31
9 19 23 25 27 30
9 19 24 25 29 31
10 11 12 23 24 27
10 11 16 18 21 31
10 11 17 23 24 30
10 12 15 23 24 31
10 18 24 26 28 31
11 12 15 16 28 29
11 12 16 20 23 29
11 12 20 24 29 31
11 13 16 18 23 26
11 14 16 21 22 31
11 14 17 22 23 28
11 14 21 22 23 24
11 15 16 17 19 23
11 15 16 21 22 30
11 15 17 22 23 29
11 15 20 23 26 28
11 17 26 27 29 31
12 16 18 21 28 30
12 16 22 24 28 31
12 17 18 21 28 31
12 18 23 27 28 31
12 19 23 26 28 31
12 23 24 27 28 29
13 15 21 24 26 28
13 16 21 24 28 29
14 16 27 29 30 31
14 22 24 26 29 30
15 17 27 29 30 31
15 19 21 27 28 31
16 17 18 19 20 21
16 17 18 19 26 27
16 17 19 21 22 24
16 17 20 21 28 29
16 17 21 25 26 30
16 17 22 24 26 28
16 18 19 26 28 30
16 18 20 21 24 26
16 18 20 22 23 30
16 18 21 22 23 31
16 19 20 21 23 28
17 18 19 20 23 26
17 18 21 22 23 30
17 19 22 23 24 26
17 20 21 22 24 31
18 19 20 24 27 31
18 21 22 23 27 28
18 21 23 24 26 27
18 22 23 24 28 30
18 22 26 28 29 30
20 24 26 28 29 30
21 22 26 27 29 30
26 27 28 29 30 31
