0 1
0 4
0 5
0 7
0 9
0 10
0 11
0 12
0 25
1 5
1 6
1 8
1 9
1 11
1 12
1 13
1 16
2 10
2 11
2 12
2 13
2 17
2 18
2 19
2 20
2 25
3 6
3 7
3 8
3 9
3 10
3 12
3 14
3 15
3 25
4 7
4 8
4 9
4 10
4 11
4 12
4 20
4 21
4 25
5 8
5 10
5 12
5 13
5 15
5 16
5 17
5 18
6 10
6 13
6 15
6 16
6 17
6 20
6 23
6 24
7 8
7 10
7 11
7 17
7 19
7 20
7 21
8 11
8 12
8 23
8 24
8 25
9 11
9 13
9 15
9 16
9 18
9 21
10 14
10 22
10 25
11 18
11 19
11 25
12 15
12 19
12 25
13 15
13 18
13 19
13 22
13 24
14 17
14 18
14 19
14 20
14 21
14 22
14 23
14 24
15 16
15 21
15 22
15 25
16 17
16 20
16 21
16 22
16 23
17 19
17 20
17 21
17 23
18 19
18 21
18 22
18 23
19 23
19 24
20 22
20 23
20 24
21 22
21 24
22 23
22 24
23 24
24 25
